tree
version=v4
num_class=1
num_tree_per_iteration=1
label_index=0
max_feature_idx=39
objective=binary sigmoid:1
feature_names=ema8_slope price_vs_ema8 ema8_vs_ema21 ema8_vs_ema50 ema_consecutive rsi_norm macd_hist_norm stoch_k_norm roc12_norm macd_cross atr_pct atr_expansion bb_width bb_position price_velocity_3bar rel_volume obv_slope vol_delta_dir vol_trend vol_up_vs_down body_ratio upper_wick lower_wick green_streak price_vs_20bar_range return_5bar return_20bar dist_to_resistance dist_to_support log_vol_norm kalman_slope kalman_snr kalman_accel kalman_residual kalman_signal new_line_bars prior_trend_bars is_new_line is_fresh_entry price_vs_ema_atr
feature_infos=[-2.2716696499378646:1.9528084169349473] [-3.3150732436863133:2.7291142442655976] [-2.0800605120376079:1.8604355928192959] [-3.9391426730256982:3.1525278366194747] [-1.3999999999999999:1.3999999999999999] [-0.85835670390414831:0.85747150875983091] [-5:5] [-1:1] [-0.73958581921353395:0.82734410344807863] [-1:1] [0.030267157547520608:1.9848588717982816] [-0.36304111486547014:3.3670010302629692] [0.052238933349755962:5] [-2.0277522491846565:2.0488440293093513] [-3.5882684216919363:4.8913655930942745] [-0.95065628081031794:5] [-5:5] [-1:1] [-0.97758770332345124:5] [-0.99999999999999944:0.99999999999999989] [0:1] [0:0.99433427762040205] [0:0.99551569506716675] [0:1] [-1.8244406196213441:3.0530503978779966] [-4.6740315680924454:5] [-5:5] [-2.0333639826612395:5] [-1.8914121574153748:5] [0.39349030706906085:0.94812043787406952] [-3.8527937718618275:3.2796714600774224] [1.5580587237127767e-07:0.93913227587003267] [-5:5] [-3.0233271713801635:4.4996805821757135] [-1:1] [0:1.8999999999999999] [0:2] [0:1] [0:1] [-3.3054295968521856:3.4367095651563462]
tree_sizes=3358 3460 3472 3457 3436 3491 3467 3471 3492 3469 3481 3488 3482 3435 3461 3483 3480 3449 3440 3479 3434 3489 3482 3495

Tree=0
num_leaves=31
num_cat=0
split_feature=10 10 10 29 10 10 10 28 3 3 28 1 2 23 5 19 3 10 10 24 12 28 10 3 7 24 28 28 18 37
split_gain=1591.29 325.399 171.182 53.1795 42.4981 40.3561 32.6157 23.4175 23.3317 23.6098 28.3825 23.1851 22.5462 18.9915 21.1661 18.5026 18.3171 17.5378 15.6766 15.5798 15.3907 21.1793 15.0262 16.7489 15.5472 14.4848 13.8312 13.4309 12.9689 12.233
threshold=0.29100227704786458 0.16064662708080127 0.37222431858724492 0.56867683699513405 0.090317084897551733 0.59272605156532554 0.23667290450278308 1.1335316515069311 1.2027828914998842 -0.97862166147293783 1.0262316375539362 0.1032705188815073 -0.21372187397500472 0.25000000000000006 0.13681999655497437 0.24261513753067759 -0.4699600795242202 0.92234586863127876 0.45044956449881096 0.52959235777201985 0.24442229920626443 0.53932031935263836 0.33059865642392838 -0.97862166147293783 -0.5894952547114688 0.61998061319128306 0.56632136438080571 0.2215535355989425 3.8003195603200219 1.0000000180025095e-35
decision_type=2 2 2 2 2 2 2 2 2 2 2 2 2 2 2 2 2 2 2 2 2 2 2 2 2 2 2 2 2 2
left_child=1 4 13 20 -1 8 16 12 9 18 -11 -10 -8 22 -15 17 -5 -7 -4 27 -3 25 -2 24 -24 -22 -25 -6 -18 -23
right_child=2 3 5 6 19 15 7 -9 11 10 -12 -13 -14 14 -16 -17 28 -19 -20 -21 21 29 23 26 -26 -27 -28 -29 -30 -31
leaf_value=0.33526265937343491 0.39140531940038964 0.35209697933482886 0.38642099327570922 0.35404912006324024 0.35681829138382543 0.41861802654879599 0.37065267801140844 0.37003482860092607 0.37633305403286377 0.42594740680334386 0.41156054686302063 0.41344264075254661 0.39216048094164752 0.43415133218503826 0.39832080671419884 0.44271741571730328 0.37813624120277756 0.44096459151423006 0.4115747313680424 0.3501129263642383 0.37563985385047594 0.37042314099109808 0.43898485300522244 0.41367102942329753 0.35741175873332492 0.40955801960751687 0.39804026204415005 0.37380937484396132 0.34683795780497428 0.35086955142284881
leaf_weight=125.93020239472389 318.96891850233078 57.607175409793854 36.170222550630569 34.411737084388733 170.59991464018822 161.80290529131889 51.157868027687073 67.184015482664108 27.954411864280701 230.58199480175972 274.84499233961105 31.124801874160767 359.96101650595665 25.040879219770432 33.999486118555069 59.788411259651184 545.33982628583908 40.906383365392685 55.315884858369827 268.22635611891747 141.43958044052124 77.377847939729691 1.9271466135978688 78.228884965181351 12.17586314678192 11.358138263225554 142.15679579973221 69.626404166221619 13.005614787340162 62.283202439546585
leaf_count=294 1171 157 128 95 486 699 162 212 92 1036 1141 131 1328 118 130 293 1831 199 230 722 466 245 10 329 34 47 544 226 33 168
internal_value=0.386516 0.369272 0.409661 0.377287 0.351378 0.417857 0.380668 0.386622 0.413831 0.415624 0.418167 0.396038 0.389409 0.397396 0.413379 0.427825 0.37591 0.423278 0.401743 0.355464 0.367034 0.370114 0.395658 0.401525 0.370352 0.378264 0.403663 0.361605 0.377329 0.361432
internal_weight=3586.5 2055.51 1530.99 1421.13 634.383 918.49 1071.06 478.303 655.992 596.913 505.427 59.0792 411.119 612.498 59.0404 262.498 592.757 202.709 91.4861 508.453 350.066 292.459 553.458 234.489 14.103 152.798 220.386 240.226 558.345 139.661
internal_count=12757 6472 6285 4744 1728 3949 3661 1702 2758 2535 2177 223 1490 2336 248 1191 1959 898 358 1434 1083 926 2088 917 44 513 873 712 1864 413
is_linear=0
shrinkage=1


Tree=1
num_leaves=31
num_cat=0
split_feature=10 10 10 10 10 10 28 11 29 3 2 28 26 2 19 23 5 19 27 10 27 13 5 27 3 19 18 12 6 3
split_gain=1483.28 299.824 161.415 50.4015 38.3472 35.4654 23.5914 23.0124 22.0275 21.9979 22.4382 25.7695 21.9334 20.8525 19.931 17.8407 20.0675 17.6931 16.8345 16.7422 16.3815 23.3916 14.6892 14.4516 13.4696 14.2885 12.5977 12.1685 11.1907 10.2786
threshold=0.29100227704786458 0.15742177791337855 0.37222431858724492 0.2272040210098778 0.59272605156532554 0.090317084897551733 1.1335316515069311 -0.22574114311202978 0.54072809707993519 1.2027828914998842 -0.39312490874647077 0.85913584328426862 2.2955533118910538 -0.21372187397500472 -0.4263492732878274 0.25000000000000006 0.13681999655497437 0.24261513753067759 0.31798273247496905 0.92234586863127876 0.33889274105910061 0.45588377796008456 0.27716901310724346 0.034794469769770443 -0.4699600795242202 -0.60275309566289725 1.0723751072758005 1.8896441976016025 -0.47896431727369099 0.15965090346569014
decision_type=2 2 2 2 2 2 2 2 2 2 2 2 2 2 2 2 2 2 2 2 2 2 2 2 2 2 2 2 2 2
left_child=1 5 15 8 9 -1 7 -5 -3 10 14 -12 -11 -9 -4 20 -17 19 -7 27 23 26 -23 -2 -10 -26 -22 -6 -20 -8
right_child=2 3 4 6 17 18 29 13 24 12 11 -13 -14 -15 -16 16 -18 -19 28 -21 21 22 -24 -25 25 -27 -28 -29 -30 -31
leaf_value=-0.067224620340501945 0.0021193697192183206 -0.046136290217029537 0.010806341549337628 0.022632732868484384 0.018528208042444878 -0.053099855929323578 -0.0067592393856460336 -0.036646077275211887 -0.051203695252296767 -0.022336761405711558 0.021978116923596136 0.0074460204293139111 0.015557836064308396 -0.017786315954978354 -0.015431787023705125 0.028007423591870927 -0.0069232615947369004 0.036428312205052049 0 0.034704016453984174 -0.010799219851595905 0.026809622595313363 -0.012633295735626734 -0.026246039119670959 -0.007572264121575429 -0.030517069113123633 0.0070030071221966897 0.00067797436955115153 -0.041906783959000445 -0.040937971293562796
leaf_weight=127.55914568901062 18.971486881375313 100.16802470386028 49.289611756801605 10.97225211560726 108.51325795054436 308.35906651616096 10.400163367390631 61.188997566699982 29.753822982311249 38.977009609341621 171.14150142669678 321.59356044232845 20.209721252322197 506.02671809494495 53.652204021811485 24.892717704176903 34.047683253884315 59.324901938438416 6.409414902329444 40.604726955294609 379.15087114274502 27.539826586842537 11.249819919466971 79.500618502497673 27.612748920917511 647.37397283315659 38.105164378881454 52.857869148254395 164.43855096399784 69.310348510742188
leaf_count=294 77 285 211 50 485 823 39 188 80 134 780 1349 89 1799 195 118 130 293 25 199 1416 128 41 267 104 2095 159 214 484 206
internal_value=-0.0183161 -0.0348708 0.00407651 -0.0274785 0.0120549 -0.0526303 -0.0212209 -0.0190262 -0.0325582 0.00813054 0.00987635 0.012541 -0.00912414 -0.0198777 -0.00273218 -0.0078144 0.00768841 0.0217983 -0.0486482 0.0173477 -0.00949468 -0.00703387 0.0149734 -0.0206465 -0.0305757 -0.0296069 -0.00913112 0.0127941 -0.0403944 -0.0367355
internal_weight=3599.2 2069.57 1529.62 1462.81 916.164 606.766 657.898 578.188 804.909 654.864 595.677 492.735 59.1867 567.216 102.942 613.458 58.9404 261.301 479.207 201.976 554.518 456.046 38.7896 98.4721 704.741 674.987 417.256 161.371 170.848 79.7105
internal_count=12757 6472 6285 4846 3949 1626 2282 2037 2564 2758 2535 2129 223 1987 406 2336 248 1191 1332 898 2088 1744 169 344 2279 2199 1575 699 509 245
is_linear=0
shrinkage=0.03


Tree=2
num_leaves=31
num_cat=0
split_feature=10 10 10 10 10 10 3 31 8 12 3 26 3 13 27 19 32 10 21 16 27 32 26 12 35 28 15 18 11 28
split_gain=1384.3 277.259 153.089 45.9569 43.6792 36.5691 25.7972 27.4804 22.269 20.4043 20.0717 22.4649 22.1569 24.837 17.9195 16.9345 16.8442 15.9925 15.5918 15.165 15.0082 20.7092 16.6134 14.6114 14.2633 13.989 19.0457 13.5236 13.2403 13.1818
threshold=0.29100227704786458 0.16064662708080127 0.34807413465061571 0.59272605156532554 0.23667290450278308 0.11722273259707097 0.11639413999908584 0.097174610517213586 0.039061363754572205 0.58864745595912948 1.2027828914998842 2.2955533118910538 -0.97862166147293783 -0.39304026759002758 1.9216931678659217 0.24261513753067759 1.5353677490210738 0.92234586863127876 0.054407537073431579 -0.0011505283052904551 0.38662773451669746 0.87364189210869891 0.87522842656397304 0.22425949503288234 1.8500000000000003 0.35772299094843729 -0.669536468214184 0.30443544137843992 -0.090441975891570714 0.65278057045611015
decision_type=2 2 2 2 2 2 2 2 2 2 2 2 2 2 2 2 2 2 2 2 2 2 2 2 2 2 2 2 2 2
left_child=1 5 18 10 16 -1 7 8 -6 -9 12 -12 14 -14 -4 17 23 -5 -2 -20 22 -22 -21 -3 -13 26 -7 29 -25 -18
right_child=2 4 3 15 6 25 -8 9 -10 -11 11 24 13 -15 -16 -17 27 -19 19 20 21 -23 -24 28 -26 -27 -28 -29 -30 -31
leaf_value=-0.058386510332945472 0.0022097315181643699 -0.043515998888145377 -0.018631398471295694 0.012448649156854725 -0.0059095862468918426 0.006461903943004923 -0.026942685980322238 -0.013681604236037004 0.045589786461435161 -0.03506497020838785 -0.021748715090806912 0.032076107813905602 0.019941639317862345 0.0064981651460705916 0.0065514712907250756 0.03563935514628952 -0.0010624897299203935 0.03394055554391584 -0.019500356377651233 -0.026645413407001741 0.0056647058935208848 -0.02060028604465941 1.5525966387567081e-05 -0.034931698763268848 -0.020232811406052886 -0.050196959534741938 -0.039337744842764831 0.013789645736033817 -0.026393620891182176 -0.042069980945291047
leaf_weight=280.53176894783974 73.610860288143158 87.440998136997223 46.059163570404053 160.94086717069149 114.45312616229057 7.8193812221288672 242.15691106021404 127.50420154631138 7.5577332079410544 62.000556200742722 42.936347961425781 14.468680232763292 171.88410080969334 463.07163877785206 54.510322362184525 58.837500810623169 14.719252660870554 40.288590162992477 168.83628867566586 57.049853533506393 102.11396172642708 36.080817148089409 31.389379382133484 306.20367823541164 6.0639919489622107 168.24520538747311 189.49693489074707 12.582451373338698 446.45468221604824 14.638794392347334
leaf_count=689 297 250 163 699 436 32 799 462 39 191 147 70 778 1936 227 293 57 199 593 190 421 126 125 944 21 449 558 54 1470 42
internal_value=-0.0177128 -0.0336271 0.00396157 0.0102867 -0.0262445 -0.0499762 -0.0195295 -0.0136848 -0.00242407 -0.0208304 0.00668619 -0.0093382 0.00809473 0.0101738 -0.00486857 0.0212569 -0.0304291 0.0168994 -0.0102828 -0.0126458 -0.00744161 -0.00113413 -0.0170672 -0.0313672 0.0158006 -0.0434102 -0.0374352 -0.0111369 -0.029908 -0.0223745
internal_weight=3609.95 2081.81 1528.14 1059.06 1435.71 646.093 553.673 311.516 122.011 189.505 798.994 63.469 735.525 634.956 100.569 260.067 882.04 201.229 469.081 395.47 226.634 138.195 88.4392 840.099 20.5327 365.562 197.316 41.9405 752.658 29.358
internal_count=12757 6472 6285 4533 4744 1728 1927 1128 475 653 3342 238 3104 2714 390 1191 2817 898 1752 1455 862 547 315 2664 91 1039 590 153 2414 99
is_linear=0
shrinkage=0.03


Tree=3
num_leaves=31
num_cat=0
split_feature=10 10 10 10 10 10 8 28 15 26 23 5 33 27 13 16 18 6 22 26 16 5 27 5 28 33 35 3 3 10
split_gain=1293.29 257.757 144.774 43.6285 34.4452 31.5245 23.1428 21.3297 19.9278 19.0037 16.8067 19.0147 15.7001 14.8323 21.8437 14.727 15.2869 14.6708 14.4169 15.5297 15.1508 13.9582 13.3726 13.0525 14.1182 12.716 12.5028 12.2785 11.8906 10.6384
threshold=0.29100227704786458 0.15742177791337855 0.37222431858724492 0.2272040210098778 0.59272605156532554 0.085910689726442543 -0.0687406854306538 1.1335316515069311 -0.14422135406300299 0.87522842656397304 0.25000000000000006 0.13681999655497437 0.24276421922433403 0.33889274105910061 0.45588377796008456 -0.044821169426290434 -0.32864715060474542 -0.47896431727369099 0.69845299952765316 0.51290283188140584 0.0092252216707060641 0.27716901310724346 0.034794469769770443 -0.34700909440550259 0.94068855282016706 -0.55572339895446621 1.6500000000000001 -1.2590807595712747 0.15965090346569014 0.92234586863127876
decision_type=2 2 2 2 2 2 2 2 2 2 2 2 2 2 2 2 2 2 2 2 2 2 2 2 2 2 2 2 2 2
left_child=1 5 10 6 8 -1 -3 9 18 12 13 -12 -5 22 27 -8 -17 -7 19 -4 -20 -16 -2 25 -25 -10 28 -15 -9 -6
right_child=2 3 4 7 29 17 15 26 23 -11 11 -13 -14 14 21 16 -18 -19 20 -21 -22 -23 -24 24 -26 -27 -28 -29 -30 -31
leaf_value=-0.063771035860112332 0.0022866428121985248 0.010671142763183972 0.0098267787228716302 -0.019522321017648756 0.01755763122793785 0 -0.048363257062717456 -0.0059199693941194139 0.03269524032200094 0.021346337111227059 0.02752153529065272 -0.0064957505879156092 0.004489037392637482 -0.042456080082816539 0.026231505190696395 -0.036751313853901894 -0.02693819288908253 -0.045962366076198496 -0.0016546866513226881 -0.0027053385171094142 -0.057352257433688367 -0.012191198778081299 -0.024946271088666594 0.027105905154051927 0.010947028804166144 -0.0059876838939758219 0.0069310043327575656 -0.007836887405654672 -0.042467653799038593 0.033661872426005088
leaf_weight=111.59370248019695 18.991698950529099 11.452653005719183 216.57137235999107 547.55631943047047 209.69191463291645 6.4472038745880118 44.795648843050003 10.451125472784041 8.7151862233877164 10.25150206685066 24.77859827876091 34.137493595480919 24.427339911460876 9.1925577968358976 27.407047674059868 220.95928905904293 536.32575809955597 497.97537495195866 13.872758969664575 147.95823062956333 6.3918990641832343 11.280173614621161 80.053005337715149 82.878591775894165 132.24717085063457 44.136044099926949 5.3591803461313239 409.16680055856705 64.742453515529633 49.107038453221321
leaf_count=249 77 48 927 1892 946 25 121 39 43 46 118 130 99 26 128 661 1734 1352 55 585 16 41 267 392 568 172 22 1549 184 245
internal_value=-0.0171384 -0.032455 0.00384868 -0.0256165 0.011441 -0.0487856 -0.0303159 -0.0198071 0.00772221 -0.0177232 -0.00738059 0.0076698 -0.0184677 -0.00900754 -0.00666291 -0.0309261 -0.0298436 -0.0453808 0.00328952 0.00470231 -0.0209032 0.0146331 -0.0195885 0.0140134 0.0172903 0.000356622 -0.0344827 -0.00868315 -0.0376587 0.0207303
internal_weight=3618.92 2092.34 1526.58 1476.32 911.57 616.016 813.533 662.788 652.771 582.235 615.007 58.9161 571.984 556.091 457.047 802.081 757.285 504.423 384.794 364.53 20.2647 38.6872 99.0447 267.977 215.126 52.8512 80.5528 418.359 75.1936 258.799
internal_count=12757 6472 6285 4846 3949 1626 2564 2282 2758 2037 2336 248 1991 2088 1744 2516 2395 1377 1583 1512 71 169 344 1175 960 215 245 1575 223 1191
is_linear=0
shrinkage=0.03


Tree=4
num_leaves=31
num_cat=0
split_feature=10 10 10 10 10 6 29 31 10 20 3 19 14 10 21 6 16 13 3 13 12 27 32 26 3 36 4 3 11 12
split_gain=1209.35 241.276 137.396 53.3548 41.2449 28.9394 27.2364 21.0885 19.1874 19.124 17.2691 16.4029 14.8524 14.8461 14.6285 14.2842 14.021 13.654 13.6466 20.4565 19.4426 13.5378 18.6391 15.2601 12.8213 28.3696 12.804 28.3367 12.7866 11.6315
threshold=0.29100227704786458 0.14250409386347923 0.34807413465061571 0.18702402082792011 0.59272605156532554 -0.44952226326913147 0.58142179152418338 0.032088626460687067 0.085910689726442543 0.62885666978266863 -0.46024297833651173 0.24261513753067759 -0.17901697195527447 0.92234586863127876 0.054407537073431579 0.02179645253587725 -0.0011505283052904551 -0.34379843157259421 -0.97862166147293783 -0.39304026759002758 1.3881137466833084 0.41119706799697414 0.87364189210869891 0.87522842656397304 -0.12873544837059878 0.25000000000000006 -0.29999999999999999 0.022036510866141602 0.32358329367879313 1.8896441976016025
decision_type=2 2 2 2 2 2 2 2 2 2 2 2 2 2 2 2 2 2 2 2 2 2 2 2 2 2 2 2 2 2
left_child=1 8 14 5 9 12 24 15 -1 18 -9 13 -3 29 -2 -8 -16 -14 20 -20 -4 23 -23 -18 25 -5 27 -10 -11 -6
right_child=2 3 4 6 11 -7 7 10 26 28 -12 -13 17 -15 16 -17 21 -19 19 -21 -22 22 -24 -25 -26 -27 -28 -29 -30 -31
leaf_value=-0.06151357186816158 0.0023750105403946916 -0.03014777049376953 -0.020351132734850032 0 0.017267155661084298 -0.036197195331621919 -0.01549536781861563 -0.033945094725043069 -0.041450556398909086 0.011082692558920505 -0.019026004654955287 0.034462686123934071 0.034009801181744494 0.032490189186823774 -0.01857333483393098 0.0093009602890077418 -0.024176405850286645 -0.033640265635628643 0.015860187139217441 0.0018195449303091121 0.010544544838388979 0.0061644135126438463 -0.01927298914757699 0.00037583810607432996 -0.033082138903303554 -0.032537300919784816 -0.050106588553297443 0.010931020888814482 0.033492242892002054 0
leaf_weight=112.22630600631237 73.681394875049591 9.1464724987745303 46.425028786063194 40.518271386623383 107.37179778516293 435.77096322178841 47.094881966710091 82.670409947633743 98.145620733499527 185.62498164176941 638.66792383790016 58.028988033533096 10.809037297964094 39.615172803401947 169.69140127301216 36.131472304463387 62.836044371128082 2.8794105499982825 124.32384669780731 384.51451089978218 28.980229407548904 95.705325499176979 34.934597566723824 33.705804541707039 250.04397697746754 61.630709171295166 266.00989121198654 9.5717228800058347 26.985111713409424 52.512510776519775
leaf_count=249 297 28 162 156 485 1284 165 251 272 800 2185 293 51 199 593 149 210 8 556 1568 124 396 122 134 766 189 680 39 132 214
internal_value=-0.0165901 -0.0313469 0.003738 -0.0257376 0.00975957 -0.0344728 -0.0222481 -0.0191237 -0.0499162 0.00635159 -0.0207789 0.0202138 -0.000852191 0.0159184 -0.00971884 -0.00456 -0.012002 0.0180382 0.00350779 0.00529173 -0.00828825 -0.00699776 -0.000571002 -0.0154921 -0.029306 -0.0198003 -0.046316 -0.0366283 0.0140693 0.0116303
internal_weight=3626.25 2101.32 1524.94 1615.36 1054.38 458.606 1156.76 804.565 485.954 796.854 721.338 257.528 22.8349 199.499 470.555 83.2264 396.873 13.6884 584.244 508.838 75.4053 227.182 130.64 96.5418 352.193 102.149 373.727 107.717 212.61 159.884
internal_count=12757 6472 6285 5232 4533 1371 3861 2750 1240 3342 2436 1191 87 898 1752 314 1455 59 2410 2124 286 862 518 344 1111 345 991 311 932 699
is_linear=0
shrinkage=0.03


Tree=5
num_leaves=31
num_cat=0
split_feature=10 10 10 10 10 11 15 3 31 10 1 18 18 3 6 19 16 18 28 10 16 16 18 6 27 5 2 5 5 5
split_gain=1140 242.324 127.115 58.0472 27.2174 22.042 20.4625 19.1928 22.7907 18.5384 16.9585 17.3362 16.7305 16.4911 16.4787 15.299 15.2873 17.6575 17.1938 19.6149 15.1682 15.0911 14.2674 13.7542 13.0505 25.8592 13.7992 12.8595 11.7507 10.5992
threshold=0.2922075936522745 0.14627782688621679 0.37047353870881478 0.23667290450278308 0.92234586863127876 -0.10405867030046369 -0.30351242387517174 0.11639413999908584 0.10210389228343023 0.079926542411068863 -0.047540379015070175 -0.076344627297358539 -0.40804869118155002 -1.2590807595712747 0.8510620951905804 -0.64418734787249521 -0.0010425124471317036 1.0723751072758005 2.1385608121670328 0.31855339197129501 -0.036213661745680491 -0.0078901409687339597 0.2770864584093079 -0.50976638881447844 1.879545395238176 -0.21993902797169254 -0.39312490874647077 -0.31453150859729112 0.053078995535409568 -0.045404069765115469
decision_type=2 2 2 2 2 2 2 2 2 2 2 2 2 2 2 2 2 2 2 2 2 2 2 2 2 2 2 2 2 2
left_child=1 9 13 5 6 10 24 8 21 -1 29 -12 27 -2 28 -7 17 22 19 -18 -17 -5 -15 -11 25 -4 -26 -8 -9 -3
right_child=2 3 4 7 -6 15 12 14 -10 23 11 -13 -14 16 -16 20 18 -19 -20 -21 -22 -23 -24 -25 26 -27 -28 -29 -30 -31
leaf_value=-0.060922819751689755 -0.044972965924916931 -0.029494404779595817 -0.031161097400651754 -0.036454631673213188 0.032256989567946787 0.00018704644884363903 -0.027309251136036935 -0.030996587382263869 -0.018941752574752738 0.018742106801376904 -0.043326382021362214 -0.022391347780501746 0.015485327172366602 -0.010655872243817636 -0.047346925286502015 -0.044146973190793595 -0.0098624244933610047 0.0082675229269954381 -0.041444448578693172 0.0051150891028058513 -0.025299173433249042 0.00014808637844939334 -0.028437115386470355 -0.045751780441133927 0.0034535072777276553 0.0033988999821393828 0.02809189914728372 0.0057549045188600243 -0.015826120511351856 -0.0043424965567490526
leaf_weight=96.56917966902256 9.9858596920967084 62.380136892199516 20.353693157434464 10.45438142120838 48.244237899780273 18.564063921570778 12.78785879909992 71.77235646545887 187.81408728659153 2.415514960885047 209.02328191697598 49.039366915822029 410.87004792690277 175.26557740569115 24.148996978998184 44.248716309666634 134.57168829441071 32.289192155003548 9.3474065512418729 187.19563053548336 605.91384492814541 125.68034502863884 55.363949745893478 434.90347130596638 49.184575632214546 290.49068610370159 36.854086503386497 50.98074434697628 157.30526700615883 22.033983513712883
leaf_count=210 27 192 66 31 245 72 43 224 640 11 574 159 1838 646 64 120 500 135 27 768 1941 491 180 1137 204 1203 177 216 546 81
internal_value=-0.0165119 -0.0307242 0.0032762 -0.0248135 0.0103025 -0.0291719 0.00905223 -0.0171331 -0.0121673 -0.0482413 -0.035526 -0.0394571 0.0132668 -0.00739797 -0.0233901 -0.0258712 -0.0067038 -0.0121117 -0.00235265 -0.00110794 -0.0266379 -0.00267613 -0.0150415 -0.0453403 0.00396383 0.00104137 0.0142819 -0.000803109 -0.0207017 -0.0231701
internal_weight=3646.05 2122.27 1523.79 1588.38 919.766 1011.2 871.522 577.175 323.949 533.888 342.477 258.063 474.639 604.019 253.227 668.727 594.033 262.919 331.115 321.767 650.163 136.135 230.63 437.319 396.883 310.844 86.0387 63.7686 229.078 84.4141
internal_count=12768 6493 6275 5135 3992 3139 3747 1996 1162 1358 1006 733 2097 2283 834 2133 2256 961 1295 1268 2061 522 826 1148 1650 1269 381 259 770 273
is_linear=0
shrinkage=0.03


Tree=6
num_leaves=31
num_cat=0
split_feature=10 10 10 10 10 10 6 15 3 36 12 31 6 16 3 7 3 21 16 19 24 19 31 3 10 27 16 4 1 4
split_gain=1068.14 279.874 58.5444 49.4372 44.4018 24.2385 21.795 19.1737 18.3432 29.8315 23.4141 23.2373 19.1159 17.5584 16.9287 16.1118 20.7528 16.0889 16.0322 15.508 14.6214 14.5725 14.1996 13.9587 13.2916 13.0092 12.4496 12.2234 11.684 11.6752
threshold=0.31855339197129501 0.18152144626828123 0.38708783651387341 0.11722273259707097 0.23931805792078831 0.92234586863127876 -0.44952226326913147 -0.30351242387517174 0.11639413999908584 0.65000000000000002 0.42524768695056658 0.096227455608784859 0.88621733714555406 -0.0010425124471317036 -0.43844376639458277 0.65949020433956984 -0.85762186560890519 0.0024154589371958128 0.0028661144103812237 -0.60275309566289725 0.943380035404349 0.27962229624753254 0.084795392734471245 0.10770932182570724 0.14627782688621679 0.82999096336689993 0.082120922985131309 -1.2999999999999996 0.0079575492013756188 -0.69999999999999984
decision_type=2 2 2 2 2 2 2 2 2 2 2 2 2 2 2 2 2 2 2 2 2 2 2 2 2 2 2 2 2 2
left_child=1 3 13 23 14 7 -5 20 9 11 -11 -6 25 17 -3 16 -15 -2 27 -16 21 -4 -18 -1 -20 -10 -21 -8 -25 -19
right_child=2 4 5 6 8 -7 18 -9 12 10 -12 -13 -14 15 19 -17 22 29 24 26 -22 -23 -24 28 -26 -27 -28 -29 -30 -31
leaf_value=-0.053983189418676449 0.023818393273753648 -0.042340082197408924 0.0019766597383401321 -0.0074518838619216385 0.0040330681676898949 0.031593074360893723 0 0.013784289096766308 -0.02045780910167774 0.019116523773052337 -0.028935051244298411 -0.012282621492190803 -0.042660276260234192 -0.020904649595305146 0.0012056673377590353 -0.011185227538013189 0.0011803134911664323 0.0008747870781275265 -0.039169022785410332 -0.023884906052808314 -0.044090393271744348 0.017490557143431024 0.018713762687012279 -0.0048400256918775123 -0.016355508606183077 -0.0031472248314954004 -0.045365030889257855 -0.040349932012320837 -0.044135362676228543 -0.015892030012018828
leaf_weight=259.23983515799046 11.685990035533903 52.344489872455597 281.25901018083096 24.473317235708237 120.99207678437233 47.79763188958168 7.0307045727968207 428.85875403881073 265.71444924175739 9.3210392445325834 98.896557867527008 216.74456353485584 31.743514761328697 20.715633317828178 20.012929141521454 56.951767534017563 81.854339331388474 48.756724402308464 41.873663425445557 591.24870981276035 4.9813530743122092 68.107977315783501 88.411141782999039 11.462258234620093 61.129727154970169 48.501022711396217 27.320962697267532 463.36434760689735 21.176352709531784 138.75139307975769
leaf_count=605 54 143 1158 88 485 245 26 1910 894 41 316 773 88 71 78 211 331 195 114 1901 14 307 394 40 204 184 73 1273 54 498
internal_value=-0.0159979 -0.0279073 0.00610014 -0.0412248 -0.0198951 0.0108112 -0.03613 0.0095044 -0.0149828 -0.0108671 -0.0245894 -0.00639596 -0.0202214 -0.00262428 -0.0254888 0.00265645 0.00688089 -0.0092624 -0.0373203 -0.024052 0.00427016 0.00506459 0.0104006 -0.0515297 -0.0259192 -0.0178427 -0.0248937 -0.0397548 -0.0310692 -0.0114617
internal_weight=3650.72 2372.59 1278.13 889.75 1482.84 831.005 597.872 783.207 791.913 445.954 108.218 337.737 345.959 447.127 690.927 247.933 190.981 199.194 573.398 638.583 354.348 349.367 170.265 291.878 103.003 314.215 618.57 470.395 32.6386 187.508
internal_count=12768 7380 5388 2404 4976 3634 1705 3389 2781 1615 357 1258 1166 1754 2195 1007 796 747 1617 2052 1479 1465 725 699 318 1078 1974 1299 94 693
is_linear=0
shrinkage=0.03


Tree=7
num_leaves=31
num_cat=0
split_feature=12 12 12 27 33 33 16 12 6 6 27 18 19 28 5 27 33 33 6 27 0 36 28 27 7 7 4 27 16 11
split_gain=651.474 185.963 98.6726 39.3106 37.059 43.3615 32.2337 30.898 29.955 25.5984 26.3024 24.172 21.5229 19.9749 17.5368 25.1968 15.8313 14.0502 13.8647 12.4967 18.1032 11.719 15.718 12.2146 13.0678 12.8741 11.5356 16.6251 13.668 10.0902
threshold=0.50217161655545905 0.26421010708933113 1.366208183984998 0.63651969919793905 0.26206816878171507 -0.31273704190208912 -0.0075820029261246613 0.16030798147807099 -0.22532962622074837 1.2038911057596708 0.28792230408783609 -0.4210402318758058 0.39380041278287997 0.98446812645645909 -0.3087394890318898 0.93679961822733449 0.17404953736863685 0.21928220292699588 -0.50976638881447844 1.1048557123304636 -0.074965145004451103 0.75000000000000011 2.5445589845880714 1.3676166354954264 -0.12064995744863594 -0.94974756989897968 -1.0000000180025095e-35 0.76135516061907216 -0.0082470745150503739 0.40531961069043493
decision_type=2 2 2 2 2 2 2 2 2 2 2 2 2 2 2 2 2 2 2 2 2 2 2 2 2 2 2 2 2 2
left_child=1 7 4 6 5 19 18 -1 14 10 -7 16 -13 -11 -5 -16 -8 -9 -3 20 -2 23 -23 24 -4 -25 27 -10 -28 -6
right_child=2 3 21 8 29 9 11 17 26 13 -12 12 -14 -15 15 -17 -18 -19 -20 -21 -22 22 -24 25 -26 -27 28 -29 -30 -31
leaf_value=-0.05095641348815589 -0.047840989396590344 0.019920402395512748 -0.037586430263956763 -0.036027166049951626 0.004675936810185132 -0.020600843820684875 -0.03622485227739447 -0.036814039953482036 -0.019493349161567503 -0.046363598336807435 -0.0079952016093429897 -0.017122716294359838 -0.031724275216958045 0.018040243398741326 -0.020774141844237842 0.0035035961459057934 0.0042565201742036625 0.0019255614670419703 -0.045624989327193388 0.017033590607553394 0.0053387725786051884 -0.0050785058788988509 0.023917704553279434 -0.016324801608213247 0.010703663082177966 0.024542215992641322 -0.024959548697890792 0.0068492025208549169 0.021380285679259873 0.026727788050266609
leaf_weight=188.89639581739902 6.3960438072681418 2.4328389614820471 4.7361349016427985 42.769706726074219 141.25219282507896 179.78803558647633 133.70487003028393 477.6108777821064 42.941206723451614 4.2055160254240027 936.07890839874744 529.52086302638054 114.57449504733086 45.063270092010498 146.25183868408203 50.623554900288582 8.4883522540330869 7.7795930355787268 72.690383598208427 77.028131440281868 33.245870485901833 58.701069816946983 22.805477187037468 6.5554980784654608 91.394637361168861 127.0239514708519 6.2292840778827658 41.334942787885666 32.281586959958076 21.724533304572105
leaf_count=447 17 11 14 125 588 602 384 1334 144 11 3509 1792 343 202 487 203 34 30 190 350 139 233 111 24 404 605 20 168 143 104
internal_value=-0.015505 -0.0276869 -0.00232431 -0.0206772 -0.00563263 -0.00735206 -0.0241849 -0.0403627 -0.0122771 -0.00910526 -0.010048 -0.0223241 -0.019766 0.0118309 -0.0184406 -0.0144624 -0.0336967 -0.0361609 -0.0431863 0.00999257 -0.00335689 0.0129704 0.00294806 0.0164473 0.00798712 0.0223714 -0.000100244 -0.00643198 0.0132763 0.00777993
internal_weight=3654.13 1898.13 1756 1223.84 1444.78 1281.81 861.412 674.287 362.432 1165.14 1115.87 786.289 644.095 49.2688 239.645 196.875 142.193 485.39 75.1232 116.67 39.6419 311.217 81.5065 229.71 96.1308 133.579 122.787 84.2761 38.5109 162.977
internal_count=12768 5855 6913 4044 5522 4830 2754 1811 1290 4324 4111 2553 2135 213 815 690 418 1364 201 506 156 1391 344 1047 418 629 475 312 163 692
is_linear=0
shrinkage=0.03


Tree=8
num_leaves=31
num_cat=0
split_feature=10 10 10 10 10 10 6 18 35 26 31 28 16 28 21 18 18 16 11 15 31 16 32 33 18 31 15 10 35 4
split_gain=956.328 249.187 52.654 44.8895 39.2815 22.4174 20.125 19.8514 17.2498 19.1897 18.9017 17.8199 16.4873 16.2184 14.9704 14.7804 14.6928 14.634 14.6102 14.4119 17.0318 14.0496 13.6084 13.5218 15.1394 12.5938 12.5586 12.3829 12.114 23.2597
threshold=0.31855339197129501 0.18152144626828123 0.38708783651387341 0.11722273259707097 0.23931805792078831 0.92234586863127876 -0.44952226326913147 -0.42557358650158927 0.65000000000000002 -0.35934582723303948 0.065782025810806277 0.78727544793919291 -0.0010425124471317036 2.1385608121670328 0.0024154589371958128 -0.49510758702616214 3.8003195603200219 0.0028661144103812237 -0.093511929299934751 -0.30351242387517174 0.093958195556615012 -0.0089762192342437933 1.5353677490210738 0.29489581831194661 0.1421695828448887 0.052391139029162877 -0.45055978497025556 0.14627782688621679 1.4500000000000002 -0.69999999999999984
decision_type=2 2 2 2 2 2 2 2 2 2 2 2 2 2 2 2 2 2 2 2 2 2 2 2 2 2 2 2 2 2
left_child=1 3 12 -1 16 7 -5 15 9 11 -10 -6 14 23 -2 -4 18 -8 25 20 -9 -11 -20 26 -25 -3 -14 -19 29 -16
right_child=2 4 5 6 8 -7 17 19 10 21 -12 -13 13 -15 28 -17 -18 27 22 -21 -22 -23 -24 24 -26 -27 -28 -29 -30 -31
leaf_value=-0.048624468511988629 0.023229488819290517 -0.0184666577459194 0.006212293879956708 -0.0064568997844164228 -0.0056489558126348663 0.030562061151935712 -0.037421746435863934 0.014825548323236579 0.033086048307913146 -0.034245783782337565 -0.023967242678069649 0.030858557618725285 -0.001172381803085413 -0.031593316999267755 0.010904924398034357 -0.013651238637682001 -0.054455824560194058 -0.036981525800447931 -0.021181544022345972 0.015201966044238298 -0.00069585841418620491 -0.013263555448760088 -4.4672379500215477e-06 0.0048527356846812591 -0.035235644372666117 -0.03365757375402182 0.013728515252560086 -0.015014365902382931 -0.042083728046586256 -0.014758618340282097
leaf_weight=292.15935134887695 11.626936316490172 78.668872386217117 94.710204645991325 24.56096924841404 150.08760930597782 47.053858742117882 472.51999641954899 109.0061819255352 4.7477025240659705 31.785120248794556 176.96051479876041 12.509718790650366 85.552434697747231 11.170631870627401 40.20863601565361 51.561168298125267 14.43220107257366 42.009628161787987 393.6745682656765 377.84271396696568 147.65901067852974 418.85687209665775 30.866624474525452 17.668530032038689 14.730494037270544 176.64087481796741 118.96842297911644 61.351374134421349 10.343373626470564 137.57734479010105
leaf_count=699 54 257 402 88 557 245 1299 485 23 95 571 59 338 35 171 194 34 114 1274 1710 598 1476 116 73 46 514 515 204 29 493
internal_value=-0.0150267 -0.0262526 0.00592359 -0.0388021 -0.0187103 0.0104077 -0.0339613 0.00915514 -0.0140947 -0.0116206 -0.0223075 -0.00266222 -0.00233413 0.00278383 -0.00875645 -0.000710123 -0.0239595 -0.0351017 -0.0232505 0.0114517 0.00585379 -0.0148131 -0.019679 0.004531 -0.0131764 -0.0290807 0.00743455 -0.0242221 -0.0108691 -0.00885603
internal_weight=3657.51 2381.83 1275.68 892.601 1489.23 827.833 600.442 780.779 794.948 613.239 181.708 162.597 447.847 248.091 199.756 146.271 694.283 575.881 679.851 634.508 256.665 450.642 424.541 236.92 32.399 255.31 204.521 103.361 188.129 177.786
internal_count=12768 7380 5388 2404 4976 3634 1705 3389 2781 2187 594 616 1754 1007 747 596 2195 1617 2161 2793 1083 1571 1390 972 119 771 853 318 693 664
is_linear=0
shrinkage=0.03


Tree=9
num_leaves=31
num_cat=0
split_feature=10 10 10 10 10 10 29 15 3 31 3 6 14 28 3 7 3 23 28 28 3 12 27 13 22 5 36 2 31 5
split_gain=898.679 194.026 102.511 43.0385 22.9342 17.5441 17.1368 16.8736 16.5277 20.4256 15.3577 14.3302 14.1523 15.3227 14.0408 13.6034 13.0366 12.8149 18.8349 12.4059 23.0655 13.5475 11.601 23.1642 11.4771 11.4534 10.7847 10.2805 10.1304 9.62004
threshold=0.2922075936522745 0.14828056733628153 0.37047353870881478 0.23667290450278308 0.92234586863127876 0.079926542411068863 0.53051827536552854 -0.21691835702850301 0.11639413999908584 0.10210389228343023 -1.2590807595712747 0.8510620951905804 -0.53469571640936853 0.26043443472268596 -0.43844376639458277 0.35270092985392981 0.30980717590226731 0.25000000000000006 2.0855025555273037 0.41111764584823196 0.10770932182570724 0.26927946056266333 0.34328637669970069 0.39320034167213175 0.1358024691358021 0.053078995535409568 0.65000000000000002 -0.30709198431169332 0.10643328360077135 -0.34700909440550259
decision_type=2 2 2 2 2 2 2 2 2 2 2 2 2 2 2 2 2 2 2 2 2 2 2 2 2 2 2 2 2 2
left_child=1 5 10 6 7 -1 -3 12 9 15 -2 25 24 -14 -8 -5 -16 22 -19 20 26 -22 28 -24 -4 -10 -7 -11 -12 -9
right_child=2 3 4 8 -6 19 14 29 11 27 17 -13 13 -15 16 -17 -18 18 -20 -21 21 -23 23 -25 -26 -27 -28 -29 -30 -31
leaf_value=-0.054716665987520688 -0.042554569697341005 -0.040158715778335345 -0.00058837197563878089 -0.0074485817010819218 0.029952776786982657 -0.042308707911237267 -0.039855100237802255 0.0028997045053381597 -0.028497948111727085 -0.035360778595877045 -0.033182433159029683 -0.043124469710722299 -0.030202959088281051 0.0038313056399453004 -0.02189919163372445 0.013675540444418361 -0.03320569520985165 0.012844866539305196 -0.042660576579744904 -0.048723074860134094 -0.022569889140456337 0.021525830674338938 -0.007691490144096657 0.013450217754509166 0.039762207547224405 -0.013651958529791026 -0.026203277317722207 -0.014002993542673002 -0.01059268306762106 0.014845570922782592
leaf_weight=96.347699284553528 10.077280119061468 70.78787961602211 8.8167454451322573 99.799700051546097 46.587939754128456 243.47692786157131 53.003752931952477 78.208321526646614 72.473075166344643 24.483563840389252 25.114117860794067 24.445478141307831 11.685551255941389 411.37060934305191 765.95158420503139 37.065100744366646 113.7190198302269 54.512675419449806 5.5369965434074393 118.02527298033237 34.912916645407677 6.8663346022367469 384.84181661903858 52.157806605100632 16.947540104389191 158.67813907563686 54.630643680691719 164.88300968706608 74.5927764326334 338.65216490626335
leaf_count=210 27 189 36 366 245 621 143 331 224 70 76 64 39 1718 2426 156 330 235 15 283 105 29 1436 225 87 546 161 570 269 1536
internal_value=-0.0145732 -0.0271001 0.00306317 -0.0217265 0.00942384 -0.0424089 -0.0255165 0.00828507 -0.015148 -0.010552 -0.00647419 -0.0209235 0.00419129 0.00282126 -0.0243682 -0.00158969 -0.0233959 -0.00580467 0.00716913 -0.0397297 -0.0364957 -0.0147992 -0.0072895 -0.00512136 0.0256345 -0.0184229 -0.0394563 -0.0169292 -0.0165694 0.0126465
internal_weight=3658.65 2139.55 1519.1 1585.29 912.269 554.26 1003.46 865.681 581.828 326.231 606.833 255.597 448.82 423.056 932.674 136.865 879.671 596.756 60.0497 457.912 339.887 41.7793 536.707 437 25.7643 231.151 298.108 189.367 99.7069 416.86
internal_count=12768 6493 6275 5084 3992 1409 3088 3747 1996 1162 2283 834 1880 1757 2899 522 2756 2256 250 1199 916 134 2006 1661 123 770 782 640 345 1867
is_linear=0
shrinkage=0.03


Tree=10
num_leaves=31
num_cat=0
split_feature=10 10 10 10 3 29 28 32 18 18 16 24 28 27 10 29 30 36 36 21 27 39 12 39 18 26 3 2 15 27
split_gain=816.044 219.423 65.2396 39.2108 25.6508 22.9345 19.7544 19.5887 18.5673 18.2048 15.7787 15.6371 15.6256 14.6594 14.5984 14.218 14.2083 14.1549 14.632 13.347 13.3043 12.8626 12.6583 12.4997 11.7882 11.6881 19.246 16.7263 11.4148 11.2966
threshold=0.31540247972588564 0.18702402082792011 0.37047353870881478 0.14250409386347923 0.13309882460047801 0.54072809707993519 0.41944115182070391 2.1393837332370427 1.628294159303977 -0.4210402318758058 -0.00099766308115761359 0.63919639954713747 0.55659280586816628 0.34328637669970069 0.82847616946521352 0.6128256147261989 -0.64412992537193003 0.75000000000000011 0.25000000000000006 0.32854337702181952 0.034794469769770443 -0.48387663778940843 0.33624914680362489 0.62504282083930673 2.0021221877608859 0.47913650428190863 -0.43844376639458277 0.25731090270564544 -0.09336556385803306 0.71699618787142216
decision_type=2 2 2 2 2 2 2 2 2 2 2 2 2 2 2 2 2 2 2 2 2 2 2 2 2 2 2 2 2 2
left_child=1 3 10 4 -1 -3 -6 8 11 14 12 -7 15 20 16 -2 -4 18 19 -11 -12 -14 -9 -15 -23 26 -19 -27 -18 -5
right_child=2 5 9 29 6 7 -8 22 -10 17 13 -13 21 23 -16 -17 28 25 -20 -21 -22 24 -24 -25 -26 27 -28 -29 -30 -31
leaf_value=-0.043749653309584441 0.028137522810740178 -0.035277649983768387 -0.022582561453488324 -0.029994693805865752 -0.0019985593268128246 -0.013014495063311879 -0.037565424785003597 0.035893114492954181 -0.029836050647630827 0.014469158826483489 0.0096243404459597157 -0.020400713369287466 -0.046945509901018999 0.0032575004568129885 0.036073800922210512 -0.0074153654336635236 -0.0019237092428522583 -0.0024196716334381183 0.019619006832548733 0.0024779582189618436 -0.018935011533705547 -0.017940489445390329 -0.0040524218238098403 0.03633018209562873 0.038432396540564261 -0.028759173841941273 0.025535026186305661 0.0048683125104324624 0.019786988932184068 -0.0074907290813436382
leaf_weight=446.7696219086647 10.964735567569731 58.686664089560509 23.858991280198097 441.25442923605442 26.636174276471138 788.66261632740498 31.810217693448067 8.2315006256103498 90.968313127756119 218.08950743079185 19.51500278711319 406.96629618108273 14.365530014038084 131.53381070494652 9.4056399762630445 81.363867223262787 109.51324331760406 48.61802339553833 234.57111677527428 141.05178825557232 50.260808259248734 66.890871778130531 36.935129851102829 10.864723175764082 2.8941680938005439 20.589887946844101 38.847079426050186 34.315565168857574 26.461738109588623 23.329055994749069
leaf_count=1107 51 165 84 1282 93 2722 83 39 275 990 82 1323 39 536 51 303 442 201 1094 596 172 230 137 54 15 70 187 149 123 81
internal_value=-0.0139125 -0.0244088 0.00522368 -0.0353753 -0.0412601 -0.0167393 -0.0217652 -0.0158981 -0.0165817 0.00964138 -0.00502746 -0.0155486 -0.0116449 0.000420631 0.000672228 -0.00290278 -0.00142347 0.0116813 0.0137248 0.00981135 -0.0107224 -0.0209857 0.00321236 0.00600414 -0.0151324 0.00303663 0.00990028 -0.00761721 0.00224846 -0.0289062
internal_weight=3654.23 2360.25 1293.98 969.799 505.216 1390.45 58.4464 1331.76 1286.6 905.323 388.654 1195.63 176.479 212.174 169.24 92.3286 159.834 736.083 593.712 359.141 69.7758 84.1506 45.1666 142.399 69.785 142.371 87.4651 54.9055 135.975 464.583
internal_count=12776 7307 5469 2646 1283 4661 176 4496 4320 3987 1482 4045 638 844 700 354 649 3287 2680 1586 254 284 176 590 245 607 388 219 565 1363
is_linear=0
shrinkage=0.03


Tree=11
num_leaves=31
num_cat=0
split_feature=10 10 10 10 33 29 31 19 16 20 10 35 10 24 16 2 26 26 18 2 25 19 19 10 16 19 16 28 2 10
split_gain=768.027 182.456 91.2151 33.4566 22.385 18.1918 22.4082 17.9256 18.9047 15.5124 15.1322 15.9167 14.682 14.5996 12.9248 15.2853 19.7026 31.6707 13.2516 12.8903 18.5588 14.5949 12.8229 11.9871 11.5397 18.6632 11.2497 11.2248 23.5286 11.1787
threshold=0.29929725037798804 0.17988803351495872 0.36863660933089665 0.085910689726442543 0.20837161094231507 0.54072809707993519 0.070781790797840416 0.24785568473871636 -0.012062956796983692 0.65140524223789942 0.55071843868350767 1.7500000000000002 0.14627782688621679 0.42073288746478571 -0.0014517718057957629 -0.016826923105788646 0.85283051165440749 1.4285286454064166 1.9311927033904828 -0.23436592568166117 0.16871072564643899 -0.2308468222761825 0.14652802370754756 0.22049091160822479 0.0028661144103812237 0.37306924861214069 0.0026797348193999065 0.43248595890371677 0.085210589475515533 0.31540247972588564
decision_type=2 2 2 2 2 2 2 2 2 2 2 2 2 2 2 2 2 2 2 2 2 2 2 2 2 2 2 2 2 2
left_child=1 3 14 -1 5 -3 13 8 -4 26 11 -9 27 -7 18 19 29 -18 -2 21 -21 -16 -6 -8 -14 -26 -10 28 -5 -17
right_child=2 4 7 12 22 6 23 10 9 -11 -12 -13 24 -15 15 16 17 -19 -20 20 -22 -23 -24 -25 25 -27 -28 -29 -30 -31
leaf_value=-0.050904974621668903 -0.01390184907781117 -0.033680740074091324 0.015879932246684294 -0.034634282684812404 0.0064807916015193747 -0.0010315732686113411 -0.025192991930835254 0.013336983619784836 -0.0026574798342634113 0.013571641054026312 0.027027268960524587 -0.023817574460628949 -0.030545362953093298 -0.014885854945833058 0.013434073011283255 -0.026699178077635933 0.024595208014846149 -0.020121735909146898 0.015895935121133589 0.027912794629720506 -0.00084306689694190059 -0.023675706626399246 -0.019417318348024633 -0.017437911218826842 -0.0029756828718764524 -0.038314094176612995 0.0078260471505876093 -0.046194812947565209 0.036269986751180282 -0.0076137140939008799
leaf_weight=111.00545287132263 205.99937549233437 69.343152225017548 155.15783424675465 327.52189555764198 52.812187924981117 97.219261571764946 302.00688609480858 155.0244003534317 257.83443742990494 114.91962169110775 80.380446806550026 10.397035479545591 282.25261586904526 252.63946618139744 15.554234609007834 43.340980336070061 35.131788805127144 23.012217745184898 13.496409162878988 38.305636569857597 40.038304433226585 22.093439593911171 24.7408756762743 531.92963463068008 40.337440133094788 20.590399444103241 142.00248341262341 99.190584003925323 3.6764533817768088 85.681600630283356
leaf_count=248 726 195 718 882 209 361 924 690 1050 520 405 36 808 852 67 138 160 78 59 178 158 74 81 1765 143 55 619 238 17 322
internal_value=-0.0134978 -0.02458 0.00356234 -0.0351575 -0.0175268 -0.0184957 -0.0175797 0.00927472 0.00668539 0.00387214 0.0162429 0.0108466 -0.032847 -0.0110858 -0.00641665 -0.00233374 -0.00766474 0.0066207 -0.0119695 0.00613568 0.0131145 -0.00797537 -0.00166047 -0.0202778 -0.0279223 -0.015377 0.00103341 -0.0367021 -0.0337485 -0.014219
internal_weight=3653.64 2215.27 1438.37 884.575 1330.69 1253.14 1183.8 915.716 669.914 514.757 245.802 165.421 773.569 349.859 522.654 303.158 187.167 58.144 219.496 115.992 78.3439 37.6477 77.5531 833.937 343.18 60.9278 399.837 430.389 331.198 129.023
internal_count=12776 6778 5998 2391 4387 4097 3902 4038 2907 2189 1131 726 2143 1213 1960 1175 698 238 785 477 336 141 290 2689 1006 198 1669 1137 899 460
is_linear=0
shrinkage=0.03


Tree=12
num_leaves=31
num_cat=0
split_feature=10 10 10 10 33 27 29 31 27 19 16 20 10 18 3 10 3 19 26 26 26 16 36 16 3 36 3 36 25 15
split_gain=722.476 173.155 86.025 32.3374 21.0028 19.433 17.112 21.1935 22.307 17.0148 17.9148 14.6692 14.502 13.987 13.6305 13.0745 13.7834 12.0619 11.7956 20.1498 31.7548 12.5784 14.4824 11.4727 10.8479 10.6337 10.3146 9.40199 8.45452 8.45043
threshold=0.29929725037798804 0.17988803351495872 0.36863660933089665 0.085910689726442543 0.20837161094231507 0.83691997250583683 0.54072809707993519 0.058128217212114107 0.82999096336689993 0.24785568473871636 -0.012062956796983692 0.65140524223789942 0.55071843868350767 2.0723690652930773 -1.2590807595712747 0.14627782688621679 0.13714847359812474 0.14652802370754756 -0.27319050566764297 0.79260680948533146 1.4285286454064166 -0.0014027780593368359 0.45000000000000007 0.0028661144103812237 1.2027828914998842 1.0000000180025095e-35 -0.30092506482573594 0.95000000000000007 0.19729640700363979 1.0491894562483386
decision_type=2 2 2 2 2 2 2 2 2 2 2 2 2 2 2 2 2 2 2 2 2 2 2 2 2 2 2 2 2 2
left_child=1 3 14 -1 6 15 -3 8 -8 10 -4 24 25 -9 -2 16 -5 -6 21 26 -21 22 -16 -17 -12 -11 -20 -27 -23 -13
right_child=2 4 9 5 17 -7 7 13 -10 12 11 29 -14 -15 18 23 -18 -19 19 20 -22 28 -24 -25 -26 27 -28 -29 -30 -31
leaf_value=-0.049695186997473148 -0.041205673369036064 -0.032647397364031092 0.015471882800273709 -0.038334074645793401 0.0062932628290337921 0.012685150992118019 -0.012626974582794503 -0.018262429800280866 0.014686880163973131 -0.023022788598915562 0.0024369551503810203 0.0096877192644985264 0.026440999369312448 -0.03392346220016617 0.00078471002438469488 -0.030326740993960915 -0.021962388287094348 -0.018809758273608115 0.00047135334706622329 0.015277794920688682 -0.023635683053713979 0.016576126560702224 -0.021621642130572591 -0.015166251501198614 -0.016324371569736228 0.015681262544702378 -0.016776490814927738 -0.0030295162085217445 -0.0017208647559940448 0.033992958434743939
leaf_weight=110.31892435252666 9.4764141738414747 69.406578868627548 154.49574726819992 365.54972667992115 52.769877851009369 7.981212615966796 254.27519890666008 844.21024841070175 29.178118914365768 7.3430620431900016 370.3443465679884 99.154865294694901 79.718997105956078 57.692368268966675 77.959215983748436 277.47134904563427 61.107681021094322 24.789202675223351 35.377707466483116 59.58829565346241 26.895738646388054 50.521458610892296 37.535280674695969 60.751911386847496 29.379480257630348 129.71214094758034 187.30774673819542 27.925615444779396 38.388660475611687 15.364960476756094
leaf_count=248 25 195 718 943 209 32 868 2749 121 25 1562 441 405 164 304 789 182 81 139 256 88 222 125 197 107 588 650 113 151 79
internal_value=-0.0131005 -0.0238439 0.00346113 -0.0341625 -0.0169823 -0.0318953 -0.0179197 -0.0170313 -0.0097416 0.00902144 0.00649808 0.0037605 0.015829 -0.0192991 -0.0062199 -0.032388 -0.0360528 -0.00160702 -0.00550572 -0.00919801 0.00293732 1.46338e-05 -0.00642977 -0.0276743 0.00100186 0.0105463 -0.0139742 0.0122727 0.00854284 0.0132127
internal_weight=3651.99 2215.5 1436.49 883.181 1332.32 772.862 1254.76 1185.36 283.453 913.439 668.739 514.244 244.7 901.903 523.051 764.881 426.657 77.5591 513.574 309.169 86.484 204.405 115.494 338.223 399.724 164.981 222.685 157.638 88.9101 114.52
internal_count=12776 6778 5998 2391 4387 2143 4097 3902 989 4038 2907 2189 1131 2913 1960 2111 1125 290 1935 1133 344 802 429 986 1669 726 789 701 373 520
is_linear=0
shrinkage=0.03


Tree=13
num_leaves=31
num_cat=0
split_feature=10 10 10 10 3 29 31 27 14 11 29 14 36 16 5 27 16 28 29 7 27 13 3 32 5 39 7 12 12 1
split_gain=680.141 187.452 54.5314 35.6724 20.5014 19.1692 22.661 18.811 17.9869 16.5309 15.7984 15.161 16.9724 14.8113 14.4476 14.4177 13.7672 14.708 13.3375 13.3139 13.2104 17.0705 14.1284 12.586 12.3639 11.9735 11.2846 11.059 10.9821 9.5496
threshold=0.31540247972588564 0.18702402082792011 0.37047353870881478 0.11722273259707097 0.10770932182570724 0.54072809707993519 0.059736880913101163 0.81465913330519057 -0.039739408561264081 0.33471360177186299 0.61522013603371895 -0.50709915195642274 0.75000000000000011 -0.0089762192342437933 -0.0042987182098704569 0.83691997250583683 -0.00099766308115761359 0.55659280586816628 0.6128256147261989 -0.56640806566397806 0.34328637669970069 0.66382529923940103 0.15064854496828231 0.29591202383530685 -0.20507277153401712 -0.48387663778940843 0.35270092985392981 0.25032549591010406 0.21581021463820507 -0.29487448650949089
decision_type=2 2 2 2 2 2 2 2 2 2 2 2 2 2 2 2 2 2 2 2 2 2 2 2 2 2 2 2 2 2
left_child=1 3 16 4 -1 -3 7 13 -6 11 28 19 24 -7 -9 -5 17 18 -2 -4 23 22 -22 -18 -13 -19 29 -12 -8 -11
right_child=2 5 9 15 8 6 10 14 -10 26 27 12 -14 -15 -16 -17 20 25 -20 -21 21 -23 -24 -25 -26 -27 -28 -29 -30 -31
leaf_value=-0.044410837507160204 0.027878757878155826 -0.032158192910762877 0.0088409999960189899 -0.029165753989021562 0.021186732508389067 -0.03856491128556315 -0.049627353500142031 -0.0023865384111734049 -0.030041749222400143 0.021914292760331078 0.016830725135315965 -0.0016213906501564848 -0.0043481392836311481 -0.0086117596498554751 0.031700383967683862 0.0031614878709950154 -0.025616031542944902 -0.044653275803430016 -0.0065952091490853884 0.029138145929007844 0.0097364268818362562 0.044612802897007017 -0.011034233880112087 0 0.009983429953621871 -0.014085862081853806 0.033486499608479617 -0.013229738499464461 -0.019482420872365128 0
leaf_weight=254.39356020092964 10.942947611212729 58.875992029905319 79.92339751124382 666.89359337091446 7.3318701833486548 15.701609760522841 11.530861094594 29.013481140136719 25.593368634581566 42.139669224619865 10.442463681101797 99.358274534344673 126.89622756838799 263.48132166266441 16.966127514839172 11.706141918897627 27.496322020888329 14.493699818849562 81.674776300787926 48.98740953207016 90.411739990115166 9.1037684530019742 42.68094801902771 42.487097427248955 431.6746414899826 70.101033955812454 36.94093881547451 454.90591686964035 534.81769204139709 32.577648565173149
leaf_count=607 51 165 361 1895 30 43 27 109 70 206 43 409 518 928 78 44 88 39 303 246 383 48 159 166 1915 245 191 1546 1722 141
internal_value=-0.0127175 -0.0222809 0.0048095 -0.0324543 -0.0414775 -0.0152205 -0.0144516 -0.00746143 -0.018039 0.00887754 -0.0166786 0.00730527 0.00542008 -0.0104159 0.0100743 -0.0285841 -0.00453812 -0.0107023 -0.00223314 0.0167528 0.000552752 0.00586656 0.00294692 -0.00999638 0.00778442 -0.0197309 0.0197414 -0.0125056 -0.0201909 0.0125688
internal_weight=3649.54 2361.65 1287.89 965.919 287.319 1395.74 1336.86 325.163 32.9252 898.498 1011.7 786.84 657.929 279.183 45.9796 678.6 389.392 177.212 92.6177 128.911 212.18 142.196 133.093 69.9834 531.033 84.5947 111.658 465.348 546.349 74.7173
internal_count=12776 7307 5469 2646 707 4661 4496 1158 100 3987 3338 3449 2842 971 187 1939 1482 638 354 607 844 590 542 254 2324 284 538 1589 1749 347
is_linear=0
shrinkage=0.03


Tree=14
num_leaves=31
num_cat=0
split_feature=10 10 10 10 3 28 19 27 19 18 3 13 12 12 3 3 24 10 35 3 27 8 15 16 18 10 20 27 16 27
split_gain=640.978 157.838 76.3123 36.1252 17.6789 19.3889 16.8129 22.1761 15.9093 17.3007 15.985 19.7985 14.7375 14.4195 26.9194 34.4153 14.7954 13.848 14.4625 12.9269 12.0443 11.8798 12.9844 11.5734 12.7626 11.0873 10.999 10.9196 10.8943 17.6877
threshold=0.29929725037798804 0.14627782688621679 0.36863660933089665 0.2272040210098778 0.13309882460047801 0.41944115182070391 0.058750020171150615 0.14590110369716944 0.24785568473871636 -0.4210402318758058 0.46811079684141582 0.81119103289371675 0.54375092825783755 0.42524768695056658 -0.1937433531518766 -0.37382935500858844 0.83363275611077448 0.55071843868350767 1.7500000000000002 -1.2590807595712747 0.21844723143936659 -0.0687406854306538 1.1316467569583579 -0.040661803661523256 -0.34607571838521123 0.82847616946521352 0.93930430410906507 4.2254438803271697 -0.0014517718057957629 0.34328637669970069
decision_type=2 2 2 2 2 2 2 2 2 2 2 2 2 2 2 2 2 2 2 2 2 2 2 2 2 2 2 2 2 2
left_child=1 4 19 21 20 6 -6 -8 9 25 12 -12 -11 14 15 -5 -16 18 -10 -2 -1 22 -3 -23 -25 27 -15 -4 -21 -30
right_child=2 3 8 13 5 -7 7 -9 17 10 11 -13 -14 26 16 -17 -18 -19 -20 28 -22 23 -24 24 -26 -27 -28 -29 29 -31
leaf_value=-0.043729465451616989 -0.039840660552779246 0.034056553601231332 -0.0042540224168617635 -0.011811812023738892 -0.0268715047751957 -0.03551329586884313 -0.018945635779722091 0.049987415343872244 0.012390897012691512 0.029573047257961213 -0.006484897163829534 0.032174116159122364 0.0093057964074548197 -0.01650752757758293 -0.015163579603200176 0.033924042223734546 0.011015671869636798 0.025595692963609907 -0.022938345507880393 -0.010276150648558788 -0.03330723762035985 -0.035348088152090611 -0.026318194219377384 -0.027539079056740832 -0.018968777122173989 0.031909554354011715 0.02219519400138523 -0.056420137747923156 -0.011569446389925249 0.0037997420741282171
leaf_weight=242.82067069411278 9.5033055990934354 6.7074200361967069 116.72032815217972 29.087632462382317 13.445071011781694 37.711668565869331 7.1088648736476889 8.4860897511243802 153.66483077406883 35.807643011212349 96.869481548666954 13.043245628476141 393.63830263912678 498.37786330282688 179.67344418168068 28.637707114219666 20.738670885562897 78.714486241340637 10.454629525542257 215.20818103849888 226.353530138731 61.706354141235352 5.1077145338058472 231.62901420891285 610.27033399045467 6.7663698196411124 5.9560536593198767 3.3032187819480887 101.16284453868866 197.91889925301075
leaf_count=582 25 31 467 100 38 98 21 41 690 177 388 66 1764 1651 601 131 83 405 36 771 605 166 15 674 1915 37 26 8 359 805
internal_value=-0.0123467 -0.0224643 0.00327817 -0.0179102 -0.0366646 -0.0214375 -0.00235912 0.0180203 0.00853887 0.00609683 0.00844815 -0.00163649 0.011063 -0.0130229 -0.00713018 0.0107167 -0.0123592 0.01515 0.00998642 -0.00582199 -0.038774 -0.0219552 0.00672952 -0.0223503 -0.0213594 -0.00378168 -0.0159992 -0.00604227 -0.00512615 -0.00135937
internal_weight=3646.59 2213.82 1432.78 1677.89 535.926 66.7517 29.04 15.595 908.983 666.149 539.359 109.913 429.446 762.471 258.137 57.7253 200.412 242.834 164.119 523.793 469.174 915.421 11.8151 903.606 841.899 126.79 504.334 120.024 514.29 299.082
internal_count=12776 6778 5998 5393 1385 198 100 62 4038 2907 2395 454 1941 2592 915 231 684 1131 726 1960 1187 2801 46 2755 2589 512 1677 475 1935 1164
is_linear=0
shrinkage=0.03


Tree=15
num_leaves=31
num_cat=0
split_feature=10 10 10 29 29 27 31 27 35 36 3 13 33 33 21 33 10 33 6 36 14 14 3 24 3 22 10 13 6 32
split_gain=632.669 169.541 46.0556 30.8178 25.9746 20.4332 18.711 28.8594 17.8677 17.0847 16.2321 15.0811 13.8823 15.4912 13.2634 13.1022 12.4953 12.2047 13.6898 12.0182 11.9238 11.9232 11.4938 15.6832 11.1769 13.3842 9.95137 9.24343 17.6446 9.1809
threshold=0.31855339197129501 0.17988803351495872 0.38708783651387341 0.55079644467112243 0.58533130131217548 0.83691997250583683 0.070781790797840416 0.96119183294204269 1.6500000000000001 0.75000000000000011 -0.8858102383337203 0.05450405160508575 0.20837161094231507 -0.30344941257869346 0.0024154589371958128 -0.41767021917724628 0.76136572120372314 0.50937930098657891 -0.52115605939543719 1.6500000000000001 -0.42771207128700434 0.94169179064375952 0.12131187776641332 0.4690445533180016 -0.13890625606697729 0.10915514898189047 0.11722273259707097 -0.017562961067478917 0.20531373460380078 -0.20563392555213553
decision_type=2 2 2 2 2 2 2 2 2 2 2 2 2 2 2 2 2 2 2 2 2 2 2 2 2 2 2 2 2 2
left_child=1 3 10 22 24 -5 7 11 9 12 27 -6 13 -4 -12 -8 -10 18 -16 -17 -11 -22 26 -24 25 -3 -1 28 -2 -26
right_child=2 4 8 5 6 -7 15 -9 16 20 14 -13 -14 -15 17 19 -18 -19 -20 -21 21 -23 23 -25 29 -27 -28 -29 -30 -31
leaf_value=-0.044592920560851138 -0.0013116472970570287 0.0017734421729851835 0.01966023123258849 -0.026792141867206951 -0.014598863246990296 0.025419795302704593 0.020159128350442125 0.028903865952317857 -0.012668476001614725 0.015810081193691247 0.022827383369882919 0.00079800417352180581 0.020613607129513652 0.0067286747313741501 -0.010712625642322855 -0.014296788403898709 0.030978076892807946 -0.039917368646575073 0.0020289299319193842 -0.03527961470462479 -0.0071597493807519204 0.02127081373885677 0.013787920578181737 -0.030285164426560002 -0.017692401001848251 -0.018977143245011454 -0.033636589221163082 0.012602117859376049 -0.049771647546321365 -0.028230209650365989
leaf_weight=198.94493322074413 12.680945321917536 36.825715512037277 114.37983067333698 436.74631088972092 135.04413217306137 6.1843896210193625 8.8543254882097226 19.980126783251762 47.234751150012016 38.891520082950592 19.569441691040993 95.978857308626175 157.58417698740959 333.52219800651073 102.99806199967861 744.32950937747955 6.1057952642440787 7.0809439271688452 280.54873894155025 26.278035268187523 99.136571377515793 14.660818755626677 7.6072093546390525 53.141057267785072 143.95081342756748 100.47848278284073 167.06480807065964 4.8623974770307532 15.877505287528036 196.81490004062653
leaf_count=470 50 137 555 1248 455 27 38 91 181 184 90 360 760 1460 380 2483 33 21 1124 73 398 73 30 146 461 320 448 21 41 579
internal_value=-0.0120615 -0.0211556 0.00515974 -0.0317204 -0.0150465 -0.0260015 -0.0123182 -0.00508878 0.00941063 0.0105996 -0.00258452 -0.00814951 0.012863 0.0100827 -0.000896004 -0.0146223 -0.00715245 -0.0021505 -0.00136314 -0.0150542 0.00151377 -0.0032887 -0.0375836 -0.0244537 -0.0208768 -0.0133166 -0.0396856 -0.022548 -0.0291627 -0.0238551
internal_weight=3633.36 2378.22 1255.13 869.689 1508.53 442.931 1030.46 251.003 811.516 758.175 443.618 231.023 605.486 447.902 410.197 779.462 53.3405 390.628 383.547 770.608 152.689 113.797 426.758 60.7483 478.07 137.304 366.01 33.4208 28.5585 340.766
internal_count=12737 7366 5371 2369 4997 1275 3500 906 3644 3430 1727 815 2775 2015 1615 2594 214 1525 1504 2556 655 471 1094 176 1497 457 918 112 91 1040
is_linear=0
shrinkage=0.03


Tree=16
num_leaves=31
num_cat=0
split_feature=10 10 10 29 10 11 31 27 0 6 3 3 35 12 5 16 7 10 14 13 18 28 28 7 19 12 3 19 31 16
split_gain=595.861 161.797 43.5307 27.8616 25.3715 25.2789 17.3291 27.3662 19.494 17.0705 16.3892 15.2501 15.0982 14.8189 13.7009 13.4035 14.6521 14.0395 18.1017 13.3171 12.6019 12.4375 12.3607 13.0276 12.3594 12.1785 15.2154 12.5873 11.4601 10.6358
threshold=0.31855339197129501 0.17245406287099832 0.38708783651387341 0.58533130131217548 0.090317084897551733 0.33471360177186299 0.09512967069987073 0.88081360744260651 0.13263848267515435 -0.47896431727369099 0.2942970010773634 -0.8858102383337203 1.7500000000000002 2.3937292678516457 0.1073672294736953 -0.00099766308115761359 0.49548900023539594 0.34807413465061571 0.27931027265103187 0.58933844515001788 1.9311927033904828 -0.11840277057035598 0.84969047268394682 -0.6256454694929473 -0.35688802410513565 0.21581021463820507 -0.0035549737881679917 0.43305544436509474 0.18913419002339713 -0.044821169426290434
decision_type=2 2 2 2 2 2 2 2 2 2 2 2 2 2 2 2 2 2 2 2 2 2 2 2 2 2 2 2 2 2
left_child=1 4 11 25 -1 12 7 8 -5 -6 -9 22 13 14 -4 17 19 24 -19 -17 -7 -8 23 -2 -13 26 -3 29 -18 -27
right_child=2 3 5 6 9 20 21 10 -10 -11 -12 15 -14 -15 -16 16 28 18 -20 -21 -22 -23 -24 -25 -26 27 -28 -29 -30 -31
leaf_value=-0.044400116465111876 0.016940196858516911 -0.0018596701470753425 0.010223549371454777 -0.010873738901533968 0.0050536198290862871 0.035774104889241737 0.0055065270841094414 0.0045468583349872194 0.039250724802659065 -0.029926225250746757 0.04881292163290097 -0.028222200478043274 -0.0099030225465135489 0.025751231171738158 0.00075140592241261257 0.0065989013703849691 -0.015410011102909163 0.007181368453573261 -0.031987450478744232 0.035985380178432058 0.013390749643324304 -0.015603788408018513 0.02051537362707757 -0.037422167664592748 -0.0058192989561389238 -0.040341364963421451 -0.050321009529518471 -0.034091135151143856 0.0058905638112175954 -0.016662510763543855
leaf_weight=125.97252614796162 3.9881173223257091 8.4636757522821409 415.91186203062534 296.90794825553894 11.924013361334799 42.994920462369919 24.747194692492485 30.218113332986832 6.5491865724325171 642.47449535131454 10.028250619769095 37.472003102302551 42.756991133093834 41.097445875406265 210.56660993397236 120.28489743173122 47.493499144911766 76.515721559524536 11.773354262113569 15.709020510315893 55.971530959010124 697.08364540338516 4.5654437541961661 24.94900193810463 59.467139407992363 18.613910719752312 24.958467662334442 49.745299965143204 41.532536014914513 428.49959899485111
leaf_count=297 18 29 1875 1020 45 229 95 119 32 1770 51 117 167 211 895 506 169 318 37 79 267 2288 21 73 218 48 57 137 171 1378
internal_value=-0.0117136 -0.0205408 0.00501504 -0.0150406 -0.0317522 0.00915758 -0.012199 -0.00656201 -0.00967982 -0.0292626 0.0164085 -0.00250803 0.00713756 0.00825803 0.00706692 -0.000868622 0.00400563 -0.0068656 0.00163855 0.0102227 0.0233967 -0.014856 -0.0218339 -0.0292599 -0.0147335 -0.0207053 -0.0386994 -0.019427 -0.00532789 -0.0177258
internal_weight=3629.24 2376.19 1253.05 1595.82 780.371 809.299 1065.53 343.703 303.457 654.399 40.2464 443.751 710.333 667.576 626.478 410.248 225.02 185.228 88.2891 135.994 98.9665 721.831 33.5026 28.9371 96.9391 530.281 33.4221 496.859 89.026 447.114
internal_count=12737 7366 5371 5254 2112 3644 3605 1222 1052 1815 170 1727 3148 2981 2770 1615 925 690 355 585 496 2383 112 91 335 1649 86 1563 340 1426
is_linear=0
shrinkage=0.03


Tree=17
num_leaves=31
num_cat=0
split_feature=10 10 10 29 29 35 36 18 12 3 32 28 3 15 10 33 26 26 10 12 6 3 14 14 28 28 27 6 3 3
split_gain=562.284 124.938 80.939 27.5766 16.3393 16.0894 16.2766 15.9613 23.3511 13.2296 12.883 13.9998 23.0616 12.2896 12.0221 14.1013 13.05 23.8714 11.7978 11.7529 11.5785 11.4512 11.2771 11.2266 11.0021 10.8898 10.5111 10.3753 10.1825 9.81228
threshold=0.28774823265797744 0.14828056733628153 0.38708783651387341 0.54072809707993519 0.55079644467112243 1.6500000000000001 0.75000000000000011 -0.22603994920709763 1.3446094584881016 -1.1580563408101792 1.5674088389882628 1.1219125439822966 0.52792322625826282 -0.040699464427437042 0.34807413465061571 0.584838484617345 0.79260680948533146 -0.38865269915895967 0.76136572120372314 0.9349126041675353 -0.49981558963338329 0.18488938370207805 -0.42771207128700434 0.94169179064375952 0.64766053936424306 0.56632136438080571 2.0579006485294022 1.4198856727502633 0.048911254097204905 0.13309882460047801
decision_type=2 2 2 2 2 2 2 2 2 2 2 2 2 2 2 2 2 2 2 2 2 2 2 2 2 2 2 2 2 2
left_child=1 4 9 -3 29 6 7 8 -4 26 11 12 -5 -12 16 25 17 -11 19 -7 -6 -9 -8 -24 -15 -16 -2 -21 -18 -1
right_child=2 3 5 10 20 18 22 21 -10 14 13 -13 -14 24 15 -17 28 -19 -20 27 -22 -23 23 -25 -26 -27 -28 -29 -30 -31
leaf_value=-0.040238343929680731 -0.044855428961379229 -0.030249484173425132 -0.0010477884587563224 -0.016480370925477696 0.020883948822232778 0.03818605315108986 0.015143279073062992 0.020701282044388255 0.019120603354595617 6.7089719827961974e-05 -0.022215358817927508 -0.029370912787300078 0.010965757704383862 0.015218146988173802 0.01308660517393795 -0.04646539586943195 0.044019004308667779 -0.014571002676926995 0.030461558928370942 -0.020552726889671566 -0.028178820562216756 0.009825899308538999 -0.0072384842328836385 0.020469501877533942 -0.0096682413758656261 -0.0015381234620544606 0.0042054362040126409 0.03423749124740328 0.0010061782019341536 -0.020473290821557411
leaf_weight=293.23301850259304 12.395644053816797 135.74085822701454 148.38519944250584 1223.1826024502516 3.7284701913595191 3.2264272868633261 38.583129808306694 213.82423323392868 77.71151764690876 160.82449167966843 24.762917086482048 76.571035251021385 27.201410293579102 30.868879809975624 65.569605186581612 4.802997261285781 4.8566248267889014 257.1175375431776 6.0458542108535758 41.470392316579819 206.30364164710045 161.60738727450371 99.065201789140701 14.492118611931799 31.624720469117165 144.8614392131567 4.774454563856124 2.7201219499111167 79.16816920042038 29.779105097055435
leaf_count=724 32 376 619 3917 16 17 184 1044 373 619 78 220 107 126 288 13 25 886 33 149 571 739 398 73 108 576 19 15 304 88
internal_value=-0.0113773 -0.021541 0.00234945 -0.0172029 -0.0340992 0.00891056 0.010047 0.0122654 0.00584497 -0.00484247 -0.0159298 -0.0166685 -0.0158672 -0.00449469 -0.00418326 0.00169022 -0.00673073 -0.00890905 -0.0067762 -0.0121055 -0.0271891 0.0160791 0.00116631 -0.00349666 0.00240956 0.002968 -0.0306313 -0.0164992 0.00391546 -0.038497
internal_weight=3624.5 2083 1541.5 1549.95 533.044 807.132 753.669 601.528 226.097 734.371 1414.21 1326.96 1250.38 87.2565 717.201 215.234 501.967 417.942 53.4628 47.4169 210.032 375.432 152.14 113.557 62.4936 210.431 17.1701 44.1905 84.0248 323.012
internal_count=12737 6331 6406 4932 1399 3644 3430 2775 992 2762 4556 4244 4024 312 2711 877 1834 1505 214 181 587 1783 655 471 234 864 51 164 329 812
is_linear=0
shrinkage=0.03


Tree=18
num_leaves=31
num_cat=0
split_feature=12 12 27 6 27 35 12 33 36 28 16 5 3 3 5 36 26 18 25 36 35 11 12 35 3 4 13 11 25 36
split_gain=355.131 111.029 51.579 36.882 30.3474 26.5382 24.6603 24.5675 24.8688 24.182 22.0856 20.649 19.6103 18.4059 23.4699 15.568 14.7482 14.7425 16.3279 14.5502 14.4336 14.3526 13.095 12.8601 12.6168 12.1866 12.0429 11.8884 11.2705 11.125
threshold=0.50217161655545905 0.26696208072191624 1.9216931678659217 1.2038911057596708 0.89760855136666307 0.65000000000000002 0.16030798147807099 -0.35912330441161261 1.6500000000000001 1.4795461733535618 -0.008571063986765581 -0.32714712560457265 0.6717456162196046 -0.23859893299666757 -0.1127876341686344 1.0000000180025095e-35 1.2987599451959169 -0.42989257021126853 0.45628228934465831 0.65000000000000002 1.6500000000000001 -0.074839976431499464 1.366208183984998 0.25000000000000006 -0.23262825787815392 0.3000000000000001 -0.6638475880854906 0.24940376918734281 -0.52824147551094602 0.45000000000000007
decision_type=2 2 2 2 2 2 2 2 2 2 2 2 2 2 2 2 2 2 2 2 2 2 2 2 2 2 2 2 2 2
left_child=1 6 3 5 10 7 24 16 -9 17 -3 -6 19 14 -12 -14 -2 21 20 -7 -19 22 -4 -23 -1 26 -13 -8 -15 -5
right_child=2 4 9 29 11 12 27 8 -10 -11 13 25 15 28 -16 -17 -18 18 -20 -21 -22 23 -24 -25 -26 -27 -28 -29 -30 -31
leaf_value=0.018664052422455307 0.023119225608621376 -0.028909399894893304 -0.017725984777635168 0.018861808735328275 -0.023224220156147335 -0.010462430705642154 -0.027285713824318956 -0.0022897112820804027 -0.027645566152137344 0.036339095013822716 -0.015668677046477994 0.00056350467484978233 -0.017477844830064537 0.019794192131985019 0.0059249601073952827 0.013401170367693912 -0.011729763553210202 0.017590449940959308 -0.022855988295940557 -0.025094577414149239 -0.0072199220430626586 0.010740417187063488 0.022052062356149284 -0.05078054179442 -0.040548386454228723 -0.019108523324229926 0.024662315053092444 -0.0060316033572349603 -0.016892561627829379 0.00089328108812497184
leaf_weight=2.6795826256275168 50.981919169425964 110.97346203029156 12.958253130316736 78.768339738249779 26.13580821454525 251.47000108659267 475.81787091493607 835.82990175485611 36.005353033542633 30.517459437251091 98.48604129254818 43.398956477642059 20.856051951646805 6.8357204943895331 81.881521567702293 45.551654696464539 12.91395156085491 143.20052826404572 10.837077900767325 84.613954931497574 23.519891396164894 3.6327423304319373 15.839609384536741 9.691500857472418 175.65977059304714 13.051906466484068 34.128388047218323 27.200677245855331 801.90677911043167 54.01137238740921
leaf_count=11 246 316 47 385 81 883 1345 3254 111 168 320 167 73 29 318 199 51 689 40 266 93 17 75 27 432 45 152 91 2573 233
internal_value=-0.0110518 -0.019999 -0.00117308 -0.00332359 -0.0145353 -0.00482887 -0.0297165 -0.00203613 -0.00336931 0.0113922 -0.0160778 0 -0.0112738 -0.0146092 -0.00579359 0.00342096 0.0158066 0.0077838 0.0115986 -0.0142227 0.0139895 -0.00789218 0.003644 -0.0331405 -0.0395251 0.00680502 0.0114544 -0.0261733 -0.0165519 0.011696
internal_weight=3619.36 1898.16 1721.2 1471 1216.8 1338.22 681.358 935.731 871.835 250.197 1100.08 116.715 402.492 989.11 180.368 66.4077 63.8959 219.68 177.557 336.084 166.72 42.1221 28.7979 13.3242 178.339 90.5793 77.5273 503.019 808.742 132.78
internal_count=12737 5880 6857 5701 4001 5083 1879 3662 3365 1156 3556 445 1421 3240 638 272 297 988 822 1149 782 166 122 44 443 364 319 1436 2602 618
is_linear=0
shrinkage=0.03


Tree=19
num_leaves=31
num_cat=0
split_feature=29 29 12 15 29 5 27 6 27 29 5 27 1 16 3 27 1 3 20 12 20 26 24 27 21 4 16 30 27 11
split_gain=363.911 94.4026 68.5954 52.3528 24.8351 24.0299 21.8879 19.4222 17.7018 17.6079 16.6306 21.7962 15.4488 14.0616 13.9359 13.4329 12.8811 12.3217 12.8608 12.154 11.843 11.5764 11.3528 11.1892 11.1634 11.0455 12.8008 10.3367 9.76919 13.3378
threshold=0.58600900052840343 0.65562195403493406 0.26696208072191624 0.29161770754553545 0.71013609094119701 -0.31453150859729112 0.73743019264856624 -0.85836543049834335 1.879545395238176 0.53406665440467027 -0.10839790950685503 0.97075545900179006 -0.2600503362881938 0.0011789756575870155 -0.23859893299666757 2.1527234994704174 0.0048842720226712219 -0.17278593849694668 0.67936270540961463 0.16030798147807099 0.82526071530441869 0.69796422497283328 0.6775835720364507 0.78554151949775364 0.47351438408902996 -1.0999999999999999 0.00083041994654606017 -0.15643227110958305 1.0000000180025095e-35 0.45562895384141805
decision_type=2 2 2 2 2 2 2 2 2 2 2 2 2 2 2 2 2 2 2 2 2 2 2 2 2 2 2 2 2 2
left_child=2 3 14 8 5 15 13 -4 10 -9 23 -12 -5 -7 16 20 -1 18 -11 -16 -3 -14 -18 -2 -8 26 -10 -19 29 -6
right_child=1 4 7 12 28 6 24 9 25 17 11 -13 21 -15 19 -17 22 27 -20 -21 -22 -23 -24 -25 -26 -27 -28 -29 -30 -31
leaf_value=-0.023535538837526439 -0.020959463452924636 -0.02350735385103981 0.024922981879501899 0.0028009868739961303 -0.0093371793136902415 -0.014606573768253231 0.005608318715928309 -0.031337532420991882 -0.019641804659107549 -0.013076621492864848 -0.0065419572242577514 0.0076303538040442169 -0.025025324685319459 0.0006787495878827017 -0.040561107995137659 0.0047200951580007372 0.053878343802053669 -0.034165235817033693 0.009268774083981017 -0.029941991101316328 0.023781874549252308 0.0043828125960010799 -0.021463142777511289 -0.0088446418095079974 0.02272552794105866 0.022499889081777708 0.038785515036988738 -0.017585483712764291 0.012729454545264678 0.026364666285729563
leaf_weight=13.941278025507929 102.24997392296791 67.966524660587311 8.6997026503086072 20.850778430700302 41.6833725720644 77.105697080492973 244.60002212226391 86.307926446199417 14.672468155622484 130.72175458073616 727.93092209100723 111.43514706194401 219.74279053509235 173.6810164898634 164.95605236291885 24.914899691939354 4.1789268702268592 40.024005606770515 26.968979597091675 335.63033322989941 4.4153215438127509 11.690729781985281 2.2252008318901062 236.88997410237789 40.646786108613014 30.178720772266388 3.7558405250310889 378.70747157931328 256.86613576114178 11.576601415872572
leaf_count=40 316 219 39 78 165 272 1057 234 51 430 2623 471 649 694 406 108 21 110 104 918 20 44 6 848 194 145 20 1192 1205 58
internal_value=-0.0107338 -0.00404736 -0.0243006 -0.00877802 0.00335545 -2.88044e-05 0.00244039 -0.0178894 -0.0061967 -0.0184924 -0.0069376 -0.00463914 -0.0212371 -0.00398082 -0.0325101 -0.0137286 -0.00701746 -0.0165176 -0.00914297 -0.0335082 -0.0202735 -0.0234689 0.0258688 -0.0125669 0.00813546 0.011349 -0.00623139 -0.0192449 0.0103039 -0.00112497
internal_weight=3615.22 2422.85 1192.36 1479.4 943.456 633.33 536.034 671.43 1227.11 662.73 1178.51 839.366 252.284 250.787 520.932 97.2967 20.3454 576.422 157.691 500.586 72.3818 231.434 6.40413 339.14 285.247 48.607 18.4283 418.731 310.126 53.26
internal_count=12737 9237 3500 5245 3992 2564 2217 2109 4474 2070 4258 3094 771 966 1391 347 67 1836 534 1324 239 693 27 1164 1251 216 71 1302 1428 223
is_linear=0
shrinkage=0.03


Tree=20
num_leaves=31
num_cat=0
split_feature=10 10 10 11 18 29 10 10 11 0 20 7 6 6 4 26 16 2 5 27 6 15 10 2 30 27 4 22 19 22
split_gain=469.655 124.859 84.618 17.0706 16.1508 16.1024 16.0396 14.7145 14.1498 32.0529 17.7813 15.2229 14.5327 14.1353 14.1073 12.8595 25.5745 12.6174 12.2285 19.7119 12.0703 11.992 11.4997 12.827 19.2125 17.8468 10.7068 10.3296 8.58108 8.38158
threshold=0.23931805792078831 0.34807413465061571 0.15742177791337855 0.33471360177186299 3.8003195603200219 0.54072809707993519 0.079926542411068863 0.38708783651387341 -0.10674672713379306 -0.12987388597304111 0.38593547627458241 0.324573517825057 -0.21234837760766029 -0.50976638881447844 -1.2999999999999996 -0.34237266150167783 -0.044821169426290434 -0.29794503384266152 -0.090885343675896721 0.63108972071001423 -0.55646890512947855 0.055381718855323621 0.92234586863127876 -0.39312490874647077 -0.15209714441236152 1.7649515932228843 -0.29999999999999999 0.24279004831933856 0.18871581848277127 0.7231404958678489
decision_type=2 2 2 2 2 2 2 2 2 2 2 2 2 2 2 2 2 2 2 2 2 2 2 2 2 2 2 2 2 2
left_child=2 8 6 22 5 26 -1 27 9 -2 11 -11 -12 -8 17 21 -17 -10 20 -20 -7 -16 23 25 -25 -3 28 -5 -4 -9
right_child=1 3 4 7 -6 18 13 29 14 10 12 -13 -14 -15 15 16 -18 -19 19 -21 -22 -23 -24 24 -26 -27 -28 -29 -30 -31
leaf_value=-0.044003947285921365 -0.031897977822213763 -0.030345434720571621 0 0.019731156189007826 -0.044006393998675286 -0.0051505845393041323 0.029378422452418094 0.024995513742932175 -0.046504549311628424 0.018966599499974691 -0.02112060778035833 -0.0026071112620950835 0 -0.02951564861299194 -0.0097759356631265445 -0.044875056984975306 -0.0106589409388639 0.00063114768999764374 -0.013377067573038965 0.010032570527754968 -0.022288217418509764 0.0040018157088481518 0.022520839634853004 0.014338390371051803 0.0033917379170572436 0.00075258927564693498 -0.03312223258241101 -0.022171193001065508 -0.036820783907179841 -0.021252078234852926
leaf_weight=82.338414907455444 29.06252783536911 18.498749360442162 19.809796288609508 8.425079286098482 19.481645628809929 46.622517108917236 3.0623576939105979 88.409512773156166 16.869346603751186 67.543483197689056 40.381269708275795 49.767972052097321 103.43165074288845 520.21167887747288 122.49639464914799 20.473651692271233 448.04895061254501 6.3466098755598059 494.17718647420406 33.544012844562531 249.36200501024723 103.47508047521114 34.659047842025757 203.04386681318283 517.19802908599377 125.70210963487625 77.858703047037125 12.095946177840231 7.2646804749965659 2.95649230480194
leaf_count=197 85 61 69 39 47 161 14 457 42 284 129 182 384 1419 430 52 1547 24 1589 129 748 397 191 934 2216 536 207 42 18 11
internal_value=-0.0100102 -0.000459441 -0.0224065 0.00698017 -0.0167615 -0.0161504 -0.0311983 0.018069 -0.00793652 -0.00227447 0.00101988 0.00971467 -0.0059778 -0.0291146 -0.0102017 -0.00938651 -0.0122324 -0.0332448 -0.0146838 -0.0118526 -0.0196526 -0.0034058 0.0055743 0.00486488 0.00650633 -0.00322422 -0.0273964 -0.00419414 -0.0100843 0.0232282
internal_weight=3572.62 2018.89 1553.73 1010.99 948.121 928.639 605.612 111.887 1007.9 290.187 261.124 117.311 143.813 523.274 717.71 694.494 468.523 23.216 823.706 527.721 295.985 225.971 899.102 864.443 720.242 144.201 104.933 20.521 27.0745 91.366
internal_count=12641 8043 4598 4487 2968 2921 1630 549 3556 1064 979 466 513 1433 2492 2426 1599 66 2627 1718 909 827 3938 3747 3150 597 294 81 87 468
is_linear=0
shrinkage=0.03


Tree=21
num_leaves=31
num_cat=0
split_feature=29 29 29 15 15 31 15 16 21 28 2 30 8 14 31 30 22 26 36 21 16 4 7 23 2 35 19 26 11 14
split_gain=301.551 91.2107 67.5901 42.8842 30.5787 20.0796 21.2081 22.729 19.4613 15.7189 20.264 16.5404 15.6593 15.4677 13.9322 23.6268 13.2092 12.6444 12.3794 12.7032 11.6617 11.6346 23.4476 9.83885 9.44924 13.5869 9.40505 9.19635 8.08313 9.26332
threshold=0.58600900052840343 0.66504728216381392 0.5391041918200753 0.30291068045103814 -0.30351242387517174 0.096227455608784859 -0.51073293981418744 0.011128409413854014 0.74312310851707375 1.5995182953289417 0.31312852765719335 1.0680600340605262 -0.046120742877483877 -0.38639590504811067 0.23643508336033511 -0.86637573977706928 1.0000000180025095e-35 -0.84312404299713839 0.65000000000000002 0.44746638141812717 -0.0060141235378213366 1.0000000180025095e-35 -0.11258263583488498 0.15000000000000005 0.22558723604267222 0.65000000000000002 0.39975845815799055 0.49078285195029442 -0.0068768494915954171 0.29844217988695937
decision_type=2 2 2 2 2 2 2 2 2 2 2 2 2 2 2 2 2 2 2 2 2 2 2 2 2 2 2 2 2 2
left_child=2 3 -1 5 17 6 7 -2 9 14 27 -12 -6 18 20 -16 -8 -4 19 -5 -3 22 -7 -23 26 -26 -19 -11 29 -15
right_child=1 8 4 13 12 21 16 -9 -10 10 11 -13 -14 28 15 -17 -18 24 -20 -21 -22 23 -24 -25 25 -27 -28 -29 -30 -31
leaf_value=-0.032669405734231882 0.011012818388953285 0.014795836877948386 0.012661338005208415 0.033062604802058145 0.019653851405904969 -0.0074085944024257873 0.022301571498950009 -0.022238025735937684 0.034905180000120613 0.013511042040614367 -0.0049488450166933554 0.015961965044715948 -0.026561691181199113 -0.031968039997135551 0.0084028600758802186 -0.010618135009780608 -0.0063172405396869011 -0.01286058781862294 -0.027964700386984041 -0.02545518917249882 0.0018313549888788665 -0.0072157901208055987 -0.023186437694797706 0.0047631030920435788 0.040415576606687979 -0.016971090194410021 -0.026562044747078746 0.03658542110758288 -0.016778584698658516 0.0052202111081201125
leaf_weight=378.75944578647614 162.83043360710144 89.307568252086639 15.954962164163588 12.874844729900365 6.0513218045234671 301.37747943401337 14.421424984931944 20.145926117897034 18.446322023868561 38.374839514493942 76.026474133133888 59.956729263067245 263.32920429110527 71.721289232373238 90.27704943716526 163.8414563536644 368.38468839228153 441.32454881072044 6.7107112705707541 3.7508382052183142 216.83680889010429 267.13139633834362 120.73716601729393 78.246519833803177 6.5352679044008237 7.019437313079834 53.268758311867714 31.143733724951744 175.81674046814442 5.6922975778579703
leaf_count=1009 697 417 65 58 25 1081 63 72 94 191 314 297 745 198 416 585 1338 1437 19 11 912 962 386 301 32 22 153 164 555 22
internal_value=-0.00972956 -0.00361608 -0.0221954 -0.00770584 -0.0171594 -0.00545564 -0.0011354 0.00721948 0.00475989 0.00399185 0.0110884 0.00418579 -0.0254334 -0.0184701 0.00135456 -0.00379867 -0.00517227 -0.0128579 0.0042941 0.0186271 0.00568019 -0.0086181 -0.0119791 -0.0044556 -0.0137003 0.0100836 -0.0143919 0.0242498 -0.0206313 -0.0290251
internal_weight=3566.3 2394.05 1172.24 1609.84 793.484 1333.28 565.782 182.976 784.211 765.765 205.502 135.983 269.381 276.567 560.263 254.119 382.806 524.103 23.3364 16.6257 306.144 767.493 422.115 345.378 508.148 13.5547 494.593 69.5186 253.23 77.4136
internal_count=12641 9153 3488 5763 2479 4900 2170 769 3390 3296 966 611 770 863 2330 1001 1401 1709 88 69 1329 2730 1467 1263 1644 54 1590 355 775 220
is_linear=0
shrinkage=0.03


Tree=22
num_leaves=31
num_cat=0
split_feature=10 10 10 10 18 8 26 18 10 3 30 10 18 8 19 0 22 0 31 19 0 18 14 12 7 39 22 21 7 32
split_gain=424.441 113.012 79.2947 15.9747 15.4605 15.0457 17.9767 14.9985 16.6321 15.2386 18.519 16.6782 14.8475 14.8147 14.42 13.8235 13.6306 13.0074 12.8608 12.7072 12.7366 12.3843 12.3494 11.0352 10.7762 12.6816 10.5568 10.2217 10.1563 9.58344
threshold=0.23931805792078831 0.34807413465061571 0.15742177791337855 0.079926542411068863 3.8003195603200219 -0.077524249730573411 -0.30494456919609886 -0.41223445521963092 0.53873010898817408 -0.85762186560890519 -0.15209714441236152 0.44303034893666665 -0.28070477182717329 0.020830547047674498 0.27962229624753254 0.1239935906753202 0.18285714285712815 -0.078296540540773882 0.0087929079413641212 -0.33047404822367366 0.18199085813569191 2.9137579164562433 -0.70430134349953588 0.76157104365904116 -0.53205900533618633 -0.20621455158173238 0.25654369784803993 0.51016306806631018 -0.26787696780734133 -0.41199054550225978
decision_type=2 2 2 2 2 2 2 2 2 2 2 2 2 2 2 2 2 2 2 2 2 2 2 2 2 2 2 2 2 2
left_child=2 5 3 -1 12 21 13 14 9 11 -11 -9 17 22 24 18 -17 -4 -14 23 -21 28 -7 -8 -3 -26 -19 -15 -2 -16
right_child=1 7 4 -5 -6 6 19 8 -10 10 -12 -13 15 27 29 16 -18 26 -20 20 -22 -23 -24 -25 25 -27 -28 -29 -30 -31
leaf_value=-0.042776018299423242 -0.024105751677264194 -0.01886751159100878 -0.0022247103013535992 -0.027788691608346489 -0.042520933794815842 0.045435111641304635 -0.023528381456503447 -0.018364399981601113 0.014841013436236708 0.017081767722451575 0.0037476635787188194 0.0088013962310631941 0.014088947201346598 0.03640359131329015 0.028180515752724036 0.018184297824553882 -0.0095811569885300464 -0.028879300733017275 -0.014813824571971433 -0.0050827913269559533 -0.016405699786832928 0.0219459925359465 -0.0027681163903996026 0.022559107030995746 0.01599857451231966 -0.0060957317161308968 -0.016430976561702171 -0.0095825209104560046 0.016616172900492537 0.00026152589626157085
leaf_weight=80.39175882935524 85.706443578004837 37.044093832373619 32.24901157617569 517.91939744353294 19.408245071768761 4.3572045713663092 71.354654490947723 45.577828019857407 259.74572139978409 133.403006285429 328.76267704367638 35.171420812606812 13.310502037405966 15.560359239578249 22.117663025856018 24.013614609837532 44.834481373429298 138.80902488529682 543.58339148759842 458.18624323606491 113.5523447394371 5.5568992942571631 239.99538727104664 4.2831764519214621 30.826264292001724 91.288297086954117 130.22155378758907 5.0862725526094428 5.1041313260793677 23.852418914437294
leaf_count=197 268 137 112 1433 47 22 223 165 1276 629 1403 157 52 74 111 96 147 390 1720 1634 374 24 878 19 144 363 404 18 22 102
internal_value=-0.00945136 -0.000378172 -0.021282 -0.0298615 -0.0158295 -0.00748201 -0.0062595 0.0067177 0.00856783 0.00552806 0.00764324 -0.00636601 -0.0152318 0.000267769 -0.000452071 -0.0125175 0 -0.0207896 -0.0140841 -0.00895269 -0.0073702 -0.0188095 -0.00175629 -0.0205905 -0.00480215 -0.000353476 -0.0229511 0.0244069 -0.0215742 0.0141757
internal_weight=3561.27 2016.53 1544.74 598.311 946.43 1008.74 912.376 1007.79 802.661 542.915 462.166 80.7492 927.022 264.999 205.129 625.742 68.8481 301.28 556.894 647.376 571.739 96.3675 244.353 75.6378 159.159 122.115 269.031 20.6466 90.8106 45.9701
internal_count=12641 8043 4598 1630 2968 3556 3242 4487 3630 2354 2032 322 2921 992 857 2015 243 906 1772 2250 2008 314 900 242 644 507 794 92 290 213
is_linear=0
shrinkage=0.03


Tree=23
num_leaves=31
num_cat=0
split_feature=29 12 29 12 31 15 29 28 29 28 24 31 19 15 36 31 28 31 6 19 2 33 28 29 7 36 35 12 0 32
split_gain=271.963 107.176 39.8104 35.7259 28.1355 21.2186 24.1598 16.748 18.2223 16.2548 16.0665 15.4815 15.3055 15.1029 14.5383 14.4347 18.8242 13.1707 13.0076 12.9442 17.0599 12.8916 12.6876 12.4539 12.2962 11.9961 11.8285 18.1702 11.6309 10.8789
threshold=0.56867683699513405 0.50217161655545905 0.66504728216381392 0.26696208072191624 0.096227455608784859 -0.44209356272336431 0.63795123135809939 0.37876369621847644 0.53051827536552854 0.19698909717107141 0.20362021811115352 0.069748516705705033 -0.48181155346682331 0.30291068045103814 0.25000000000000006 0.022057658437568257 0.50666284281248986 0.034659079315008112 0.34261900280611346 -0.10215103607759039 0.01259177414768997 -0.64474993753083065 0.71178950678854069 0.60683632619792915 -0.41992472818511117 0.55000000000000016 1.7500000000000002 1.1453629340705331 0.11619706090223375 -0.59022745243593822
decision_type=2 2 2 2 2 2 2 2 2 2 2 2 2 2 2 2 2 2 2 2 2 2 2 2 2 2 2 2 2 2
left_child=3 5 4 18 10 19 13 9 -9 -5 -3 15 -8 23 17 -4 -17 -10 -1 -2 22 -13 -21 -7 -12 -23 27 -6 -16 -14
right_child=1 2 11 7 26 6 12 8 14 -11 24 21 29 -15 28 16 -18 -19 -20 20 -22 25 -24 -25 -26 -27 -28 -29 -30 -31
leaf_value=-0.031323944791503126 -0.01139766512941757 0.044892961149063916 0.00014452370851425917 -0.020697274925510215 -0.0087697015743878216 -0.016991432312988216 -0.025330014725886581 -0.037490415166494928 -0.029524385831531205 0.0018034214479019351 -0.011341000162668763 0.021083967454292831 -0.010016135327611734 -0.024366381148691399 -0.027026499448911945 -0.027821021290949991 0.030210973915268519 -0.0017828122512813709 0.0086870281751223032 0.0084076292534836679 -0.0058908104832043609 0.005464855225506376 0.045434323628788055 -0.0068986092853177607 0.004349825438714823 -0.0049033305199389088 -0.02645710996928485 0.00680173207550854 0.0040918642180891446 0.002885780794048956
leaf_weight=411.55958862602711 75.619111612439156 7.5817908346652976 31.70064078271389 50.118554264307022 487.81682497262955 362.00647054612637 31.079027682542801 55.345240339636803 19.796152979135513 64.645440310239792 52.034893482923508 37.080625295639038 106.60984691977501 168.33496859669685 118.04928354918957 4.8417586386203757 58.778088107705116 70.019559636712074 6.6538580358028403 32.669485092163086 55.520339548587799 390.13016530871391 11.591056510806082 168.00955973565578 299.87030564248562 133.34296050667763 28.640344098210335 76.771286353468895 10.85451318323612 127.4910344183445
leaf_count=1111 257 40 140 149 1731 1129 93 140 56 229 191 193 372 488 339 17 306 243 25 127 195 1722 58 581 1220 547 88 328 40 486
internal_value=-0.00918595 -0.00467978 0.000297368 -0.0244959 -0.00360801 -0.0117195 -0.0134687 -0.0178161 -0.0218751 -0.00793987 0.00298226 0.00599155 -0.00565858 -0.0164068 -0.0177788 0.0171872 0.025378 -0.00819298 -0.0306419 -0.00201455 0.00496825 0.0040474 0.0188386 -0.0138299 0.00197432 0.00279301 -0.00762602 -0.00662165 -0.0242845 -0.00293466
internal_weight=3554.56 2747.52 1608.59 807.042 952.715 1138.93 963.531 388.829 274.065 114.764 359.487 655.874 265.18 698.351 218.72 95.3205 63.6198 89.8157 418.213 175.4 99.7809 560.554 44.2605 530.016 351.905 523.473 593.228 564.588 128.904 234.101
internal_count=12641 10309 6523 2332 3598 3786 3149 1196 818 378 1451 2925 951 2198 678 463 323 299 1136 637 380 2462 185 1710 1411 2269 2147 2059 379 858
is_linear=0
shrinkage=0.03


end of trees

feature_importances:
atr_pct=120
ema8_vs_ema50=57
dist_to_resistance=43
obv_slope=35
dist_to_support=35
bb_width=31
log_vol_norm=29
vol_trend=28
vol_up_vs_down=26
macd_hist_norm=24
kalman_snr=23
rsi_norm=21
return_20bar=21
prior_trend_bars=20
rel_volume=18
kalman_residual=16
ema8_vs_ema21=14
stoch_k_norm=14
atr_expansion=14
new_line_bars=14
bb_position=12
price_velocity_3bar=12
ema_consecutive=10
upper_wick=10
kalman_accel=10
price_vs_20bar_range=9
lower_wick=8
ema8_slope=7
body_ratio=7
price_vs_ema8=6
roc12_norm=6
kalman_slope=6
green_streak=5
return_5bar=4
price_vs_ema_atr=4
is_new_line=1

parameters:
[boosting: gbdt]
[objective: binary]
[metric: binary_logloss]
[tree_learner: serial]
[device_type: cpu]
[data_sample_strategy: bagging]
[data: ]
[valid: ]
[num_iterations: 1000]
[learning_rate: 0.03]
[num_leaves: 31]
[num_threads: 0]
[seed: 0]
[deterministic: 0]
[force_col_wise: 0]
[force_row_wise: 0]
[histogram_pool_size: -1]
[max_depth: 6]
[min_data_in_leaf: 10]
[min_sum_hessian_in_leaf: 0.001]
[bagging_fraction: 0.8]
[pos_bagging_fraction: 1]
[neg_bagging_fraction: 1]
[bagging_freq: 5]
[bagging_seed: 3]
[bagging_by_query: 0]
[feature_fraction: 0.8]
[feature_fraction_bynode: 1]
[feature_fraction_seed: 2]
[extra_trees: 0]
[extra_seed: 6]
[early_stopping_round: 0]
[early_stopping_min_delta: 0]
[first_metric_only: 0]
[max_delta_step: 0]
[lambda_l1: 0.5]
[lambda_l2: 0.5]
[linear_lambda: 0]
[min_gain_to_split: 0]
[drop_rate: 0.1]
[max_drop: 50]
[skip_drop: 0.5]
[xgboost_dart_mode: 0]
[uniform_drop: 0]
[drop_seed: 4]
[top_rate: 0.2]
[other_rate: 0.1]
[min_data_per_group: 100]
[max_cat_threshold: 32]
[cat_l2: 10]
[cat_smooth: 10]
[max_cat_to_onehot: 4]
[top_k: 20]
[monotone_constraints: ]
[monotone_constraints_method: basic]
[monotone_penalty: 0]
[feature_contri: ]
[forcedsplits_filename: ]
[refit_decay_rate: 0.9]
[cegb_tradeoff: 1]
[cegb_penalty_split: 0]
[cegb_penalty_feature_lazy: ]
[cegb_penalty_feature_coupled: ]
[path_smooth: 0]
[interaction_constraints: ]
[verbosity: -1]
[saved_feature_importance_type: 0]
[use_quantized_grad: 0]
[num_grad_quant_bins: 4]
[quant_train_renew_leaf: 0]
[stochastic_rounding: 1]
[linear_tree: 0]
[max_bin: 255]
[max_bin_by_feature: ]
[min_data_in_bin: 3]
[bin_construct_sample_cnt: 200000]
[data_random_seed: 1]
[is_enable_sparse: 1]
[enable_bundle: 1]
[use_missing: 1]
[zero_as_missing: 0]
[feature_pre_filter: 1]
[pre_partition: 0]
[two_round: 0]
[header: 0]
[label_column: ]
[weight_column: ]
[group_column: ]
[ignore_column: ]
[categorical_feature: ]
[forcedbins_filename: ]
[precise_float_parser: 0]
[parser_config_file: ]
[objective_seed: 5]
[num_class: 1]
[is_unbalance: 1]
[scale_pos_weight: 1]
[sigmoid: 1]
[boost_from_average: 1]
[reg_sqrt: 0]
[alpha: 0.9]
[fair_c: 1]
[poisson_max_delta_step: 0.7]
[tweedie_variance_power: 1.5]
[lambdarank_truncation_level: 30]
[lambdarank_norm: 1]
[label_gain: ]
[lambdarank_position_bias_regularization: 0]
[eval_at: ]
[multi_error_top_k: 1]
[auc_mu_weights: ]
[num_machines: 1]
[local_listen_port: 12400]
[time_out: 120]
[machine_list_filename: ]
[machines: ]
[gpu_platform_id: -1]
[gpu_device_id: -1]
[gpu_use_dp: 0]
[num_gpu: 1]

end of parameters

pandas_categorical:null
